100 cluster L1 queries distance
Recall:
0.010000
0.017090
0.023400
0.029690
0.035760
0.041750
0.047580
0.053430
0.059000
0.064480
0.069770
0.075350
0.080710
0.086150
0.091530
0.096650
0.101960
0.107060
0.112060
0.116930
0.121900
0.126820
0.131570
0.136500
0.141140
0.145920
0.150930
0.155470
0.160130
0.164720
0.169460
0.173990
0.178560
0.182980
0.187360
0.191560
0.195890
0.200040
0.204070
0.208480
0.212770
0.216950
0.221060
0.225090
0.229330
0.233150
0.236990
0.241010
0.244870
0.248750
0.252530
0.256310
0.260230
0.264120
0.267700
0.271640
0.275310
0.279190
0.282690
0.286300
0.289700
0.293090
0.296460
0.299800
0.303280
0.306920
0.310160
0.313430
0.316910
0.320120
0.323500
0.326940
0.330130
0.333360
0.336380
0.339700
0.342920
0.346000
0.349140
0.352031
0.355090
0.358130
0.361080
0.364160
0.366900
0.369950
0.372940
0.376040
0.379110
0.382000
0.384790
0.387690
0.390550
0.393200
0.395930
0.398540
0.401320
0.403770
0.406230
0.408690
0.411210
0.413590
0.415990
0.418370
0.420910
0.423350
0.425580
0.427690
0.429580
0.431590
0.433830
0.435920
0.437870
0.439970
0.441990
0.443720
0.445640
0.447520
0.449260
0.451160
0.452950
0.454970
0.456830
0.458800
0.460690
0.462381
0.464110
0.465640
0.467381
0.469121
0.470960
0.472670
0.474591
0.476081
0.477791
0.479281
0.480970
0.482440
0.484120
0.485600
0.487180
0.488770
0.490500
0.491800
0.493400
0.494961
0.496521
0.497951
0.499560
0.501000
0.502450
0.503980
0.505390
0.506840
0.508300
0.509811
0.511131
0.512571
0.514050
0.515480
0.516770
0.518080
0.519530
0.520920
0.522400
0.523640
0.525160
0.526540
0.527840
0.528970
0.530190
0.531510
0.532990
0.534480
0.535810
0.537050
0.538360
0.539440
0.540700
0.541780
0.543069
0.544380
0.545670
0.546950
0.548070
0.549350
0.550630
0.551810
0.552970
0.554170
0.555590
0.556710
0.557940
0.559400
0.560710
0.562070
0.563300
0.564550
0.565610
0.566940
0.568280
0.569490
0.570460
0.571530
0.572560
0.573740
0.574900
0.576020
0.577030
0.578279
0.579389
0.580439
0.581680
0.582850
0.583909
0.584979
0.586299
0.587330
0.588490
0.589570
0.590670
0.591950
0.593020
0.594330
0.595480
0.596490
0.597590
0.598759
0.599839
0.600809
0.601909
0.603109
0.603999
0.604950
0.606119
0.607190
0.608169
0.609279
0.610289
0.611489
0.612609
0.613809
0.614779
0.615719
0.616689
0.617859
0.618850
0.619779
0.620859
0.621949
0.623099
0.624120
0.625190
0.626270
0.627310
0.628280
0.629470
0.630370
0.631520
0.632320
0.633290
0.634270
0.635190
0.636300
0.637260
0.638140
0.639140
0.640080
0.640970
0.642030
0.643030
0.643910
0.644870
0.645800
0.646640
0.647570
0.648490
0.649600
0.650680
0.651590
0.652670
0.653509
0.654600
0.655329
0.656239
0.657120
0.657990
0.658950
0.659720
0.660420
0.661210
0.662060
0.663030
0.663910
0.664810
0.665730
0.666630
0.667570
0.668350
0.669080
0.669960
0.670770
0.671780
0.672670
0.673670
0.674540
0.675360
0.676300
0.677110
0.678070
0.678960
0.679880
0.680680
0.681539
0.682330
0.683139
0.683999
0.684779
0.685549
0.686310
0.687340
0.688260
0.689060
0.689900
0.690630
0.691390
0.692210
0.693040
0.693940
0.694930
0.695710
0.696499
0.697289
0.698119
0.699089
0.699879
0.700629
0.701440
0.702280
0.703030
0.703730
0.704640
0.705450
0.706060
0.706870
0.707540
0.708300
0.709080
0.709820
0.710570
0.711360
0.712170
0.712930
0.713540
0.714170
0.714930
0.715750
0.716550
0.717330
0.717990
0.718620
0.719460
0.720150
0.720920
0.721710
0.722440
0.723230
0.723980
0.724730
0.725530
0.726190
0.727120
0.727910
0.728820
0.729600
0.730280
0.731020
0.731790
0.732560
0.733260
0.733939
0.734559
0.735300
0.736169
0.736829
0.737519
0.738219
0.738939
0.739639
0.740219
0.740899
0.741619
0.742259
0.742949
0.743539
0.744329
0.745009
0.745709
0.746449
0.747199
0.747769
0.748449
0.749229
0.750089
0.750619
0.751309
0.751989
0.752709
0.753379
0.753999
0.754499
0.755139
0.755739
0.756419
0.757129
0.757719
0.758328
0.759029
0.759569
0.760289
0.760889
0.761509
0.762309
0.762909
0.763428
0.763879
0.764529
0.765118
0.765689
0.766389
0.767049
0.767649
0.768309
0.769039
0.769849
0.770499
0.771058
0.771668
0.772268
0.772868
0.773479
0.774079
0.774789
0.775329
0.776019
0.776619
0.777179
0.777999
0.778628
0.779279
0.779968
0.780648
0.781378
0.781958
0.782638
0.783328
0.783988
0.784518
0.785088
0.785778
0.786468
0.787188
0.787768
0.788308
0.788768
0.789319
0.789819
0.790419
0.791099
0.791779
0.792369
0.792969
0.793519
0.794239
0.794879
0.795529
0.796299
0.796799
0.797389
0.797959
0.798649
0.799359
0.800059
0.800699
0.801349
0.802039
0.802709
0.803388
0.803968
0.804638
0.805228
0.805868
0.806428
0.806978
0.807459
0.807969
0.808559
0.809159
0.809708
0.810329
0.810919
0.811519
0.811999
0.812599
0.813049
0.813679
0.814219
0.814799
0.815299
0.815969
0.816449
0.817019
0.817699
0.818309
0.818939
0.819569
0.820149
0.820749
0.821419
0.822039
0.822619
0.823370
0.823859
0.824499
0.825050
0.825649
0.826199
0.826959
0.827469
0.828039
0.828709
0.829189
0.829769
0.830369
0.830989
0.831529
0.832079
0.832639
0.833209
0.833789
0.834309
0.834889
0.835449
0.835979
0.836509
0.837029
0.837569
0.837939
0.838529
0.839109
0.839709
0.840379
0.840889
0.841379
0.842039
0.842539
0.843119
0.843569
0.844119
0.844719
0.845269
0.845879
0.846449
0.847009
0.847559
0.848199
0.848799
0.849369
0.849819
0.850418
0.850888
0.851358
0.851858
0.852348
0.852988
0.853558
0.854158
0.854788
0.855408
0.855888
0.856308
0.856928
0.857459
0.857988
0.858548
0.859238
0.859808
0.860389
0.860998
0.861488
0.861938
0.862458
0.863068
0.863598
0.864118
0.864728
0.865348
0.865898
0.866498
0.867128
0.867708
0.868278
0.868848
0.869538
0.870138
0.870778
0.871348
0.871888
0.872338
0.872908
0.873448
0.874118
0.874668
0.875288
0.875989
0.876459
0.877049
0.877649
0.878189
0.878689
0.879369
0.879889
0.880409
0.880998
0.881548
0.882128
0.882669
0.883179
0.883779
0.884328
0.885018
0.885648
0.886228
0.886688
0.887148
0.887598
0.888168
0.888648
0.889148
0.889618
0.890058
0.890768
0.891258
0.891819
0.892269
0.892729
0.893229
0.893759
0.894219
0.894869
0.895349
0.895909
0.896309
0.896779
0.897278
0.897759
0.898419
0.898879
0.899479
0.899939
0.900409
0.900799
0.901269
0.901739
0.902299
0.902879
0.903309
0.903859
0.904389
0.904919
0.905419
0.905819
0.906329
0.906779
0.907298
0.907749
0.908269
0.908719
0.909169
0.909789
0.910289
0.910649
0.911179
0.911659
0.912199
0.912649
0.913099
0.913659
0.914109
0.914579
0.915079
0.915599
0.916070
0.916610
0.916919
0.917330
0.917830
0.918270
0.918679
0.919119
0.919509
0.919999
0.920469
0.920919
0.921219
0.921670
0.922260
0.922700
0.923260
0.923670
0.924049
0.924500
0.924900
0.925370
0.925820
0.926290
0.926790
0.927210
0.927710
0.928270
0.928620
0.929060
0.929410
0.929890
0.930280
0.930690
0.931150
0.931720
0.932090
0.932490
0.932950
0.933400
0.933820
0.934229
0.934679
0.935209
0.935639
0.936019
0.936459
0.936849
0.937319
0.937849
0.938229
0.938639
0.939079
0.939519
0.939939
0.940309
0.940749
0.941198
0.941588
0.941968
0.942328
0.942788
0.943218
0.943668
0.944068
0.944538
0.944928
0.945389
0.945849
0.946209
0.946619
0.947079
0.947469
0.947959
0.948439
0.948929
0.949359
0.949789
0.950129
0.950559
0.951049
0.951509
0.951880
0.952249
0.952689
0.952989
0.953349
0.953629
0.954169
0.954599
0.955069
0.955469
0.955889
0.956319
0.956769
0.957269
0.957709
0.958069
0.958469
0.958839
0.959139
0.959668
0.960018
0.960498
0.960818
0.961248
0.961578
0.962028
0.962468
0.962848
0.963168
0.963628
0.963988
0.964477
0.964947
0.965427
0.965827
0.966167
0.966587
0.966927
0.967317
0.967756
0.968066
0.968426
0.968746
0.969166
0.969506
0.969926
0.970317
0.970627
0.971107
0.971437
0.971767
0.972117
0.972337
0.972787
0.973137
0.973487
0.973857
0.974127
0.974497
0.974908
0.975208
0.975758
0.976118
0.976469
0.976979
0.977449
0.977779
0.978049
0.978459
0.978948
0.979248
0.979598
0.980008
0.980328
0.980727
0.981087
0.981447
0.981777
0.982037
0.982407
0.982747
0.983177
0.983407
0.983787
0.984088
0.984468
0.984838
0.985188
0.985608
0.985948
0.986228
0.986568
0.986808
0.987139
0.987428
0.987648
0.987919
0.988179
0.988439
0.988659
0.988819
0.988979
0.989199
0.989369
0.989559
0.989779
0.990079
0.990249
0.990489
0.990699
0.990849
0.991059
0.991229
0.991429
0.991579
0.991709
0.991859
0.992019
0.992179
0.992269
0.992449
0.992559
0.992749
0.992889
0.993019
0.993209
0.993369
0.993559
0.993699
0.993899
0.994079
0.994249
0.994429
0.994548
0.994659
0.994759
0.994838
0.995049
0.995138
0.995268
0.995359
0.995429
0.995469
0.995539
0.995599
0.995669
0.995749
0.995869
0.995949
0.996039
0.996099
0.996168
0.996259
0.996369
0.996439
0.996478
0.996569
0.996639
0.996719
0.996749
0.996849
0.996889
0.996949
0.996969
0.996999
0.997049
0.997119
0.997169
0.997219
0.997259
0.997289
0.997389
0.997399
0.997419
0.997459
0.997479
0.997509
0.997569
0.997569
0.997619
0.997639
0.997679
0.997699
0.997739
0.997769
0.997769
0.997779
0.997799
0.997819
0.997839
0.997839
0.997849
0.997859
0.997889
0.997909
0.997939
0.997959
0.997959
0.997969
0.997979
0.997979
0.998029
0.998079
0.998129
0.998179
0.998289
0.998319
0.998389
0.998459
0.998539
0.998650
0.998760
0.998820
0.998980
0.999000
0.999010
0.999040
0.999050
0.999060
0.999070
0.999090
0.999100
0.999110
0.999130
0.999260
1.000000
Precision:
1.000000
0.854500
0.780000
0.742250
0.715200
0.695833
0.679715
0.667875
0.655555
0.644800
0.634273
0.627917
0.620847
0.615357
0.610200
0.604062
0.599765
0.594778
0.589790
0.584651
0.580477
0.576456
0.572043
0.568750
0.564560
0.561231
0.559000
0.555250
0.552173
0.549066
0.546644
0.543719
0.541092
0.538176
0.535315
0.532111
0.529432
0.526420
0.523257
0.521201
0.518952
0.516548
0.514094
0.511568
0.509622
0.506848
0.504234
0.502104
0.499735
0.497500
0.495157
0.492904
0.491000
0.489110
0.486728
0.485072
0.483000
0.481361
0.479135
0.477167
0.474918
0.472726
0.470571
0.468437
0.466585
0.465030
0.462925
0.460926
0.459289
0.457315
0.455634
0.454083
0.452233
0.450487
0.448507
0.446974
0.445351
0.443590
0.441949
0.440037
0.438383
0.436744
0.435036
0.433524
0.431648
0.430174
0.428667
0.427318
0.425966
0.424444
0.422846
0.421402
0.419947
0.418298
0.416769
0.415146
0.413732
0.412011
0.410334
0.408690
0.407139
0.405481
0.403874
0.402279
0.400867
0.399387
0.397739
0.396009
0.394110
0.392354
0.390838
0.389214
0.387496
0.385939
0.384339
0.382517
0.380889
0.379254
0.377530
0.375966
0.374338
0.372926
0.371406
0.370000
0.368553
0.366969
0.365441
0.363781
0.362310
0.360861
0.359511
0.358084
0.356834
0.355283
0.353919
0.352412
0.351073
0.349594
0.348288
0.346857
0.345518
0.344205
0.343007
0.341528
0.340276
0.339014
0.337768
0.336452
0.335275
0.334000
0.332746
0.331566
0.330321
0.329116
0.327935
0.326801
0.325561
0.324412
0.323302
0.322174
0.320976
0.319803
0.318730
0.317634
0.316607
0.315446
0.314467
0.313416
0.312331
0.311159
0.310053
0.309017
0.308086
0.307172
0.306177
0.305142
0.304158
0.303056
0.302067
0.300989
0.300039
0.299110
0.298180
0.297255
0.296254
0.295349
0.294455
0.293516
0.292577
0.291669
0.290885
0.289953
0.289088
0.288350
0.287543
0.286770
0.285938
0.285126
0.284226
0.283470
0.282726
0.281925
0.281015
0.280161
0.279298
0.278514
0.277730
0.276933
0.276091
0.275372
0.274592
0.273792
0.273089
0.272360
0.271586
0.270824
0.270184
0.269418
0.268718
0.267986
0.267272
0.266644
0.265928
0.265326
0.264658
0.263933
0.263256
0.262614
0.261939
0.261222
0.260567
0.259962
0.259228
0.258526
0.257924
0.257284
0.256612
0.256000
0.255352
0.254788
0.254195
0.253640
0.252996
0.252344
0.251710
0.251163
0.250547
0.249911
0.249341
0.248780
0.248247
0.247667
0.247111
0.246563
0.246002
0.245422
0.244929
0.244329
0.243830
0.243200
0.242640
0.242088
0.241517
0.241023
0.240476
0.239902
0.239379
0.238835
0.238279
0.237789
0.237280
0.236732
0.236216
0.235693
0.235142
0.234627
0.234112
0.233669
0.233219
0.232710
0.232267
0.231741
0.231307
0.230750
0.230259
0.229762
0.229265
0.228802
0.228277
0.227731
0.227220
0.226733
0.226290
0.225820
0.225359
0.224909
0.224455
0.224017
0.223528
0.223027
0.222578
0.222108
0.221710
0.221273
0.220875
0.220438
0.219987
0.219578
0.219130
0.218732
0.218315
0.217910
0.217470
0.217051
0.216613
0.216183
0.215773
0.215340
0.214906
0.214472
0.214124
0.213746
0.213331
0.212932
0.212502
0.212083
0.211685
0.211293
0.210924
0.210585
0.210185
0.209789
0.209396
0.209018
0.208684
0.208298
0.207902
0.207527
0.207162
0.206774
0.206373
0.206035
0.205670
0.205250
0.204890
0.204491
0.204121
0.203758
0.203387
0.203020
0.202666
0.202321
0.201963
0.201565
0.201175
0.200823
0.200490
0.200154
0.199813
0.199442
0.199064
0.198746
0.198388
0.198055
0.197729
0.197388
0.197065
0.196733
0.196404
0.196089
0.195738
0.195462
0.195150
0.194872
0.194560
0.194224
0.193904
0.193595
0.193288
0.192963
0.192636
0.192293
0.191984
0.191711
0.191385
0.191067
0.190754
0.190448
0.190139
0.189800
0.189488
0.189189
0.188871
0.188565
0.188238
0.187962
0.187660
0.187364
0.187080
0.186800
0.186476
0.186181
0.185913
0.185666
0.185338
0.185052
0.184764
0.184487
0.184201
0.183903
0.183577
0.183287
0.182988
0.182710
0.182441
0.182144
0.181854
0.181586
0.181282
0.181022
0.180733
0.180453
0.180215
0.179931
0.179631
0.179315
0.179047
0.178766
0.178482
0.178231
0.177969
0.177697
0.177439
0.177197
0.176977
0.176720
0.176445
0.176181
0.175916
0.175652
0.175393
0.175131
0.174896
0.174624
0.174386
0.174130
0.173866
0.173661
0.173414
0.173173
0.172943
0.172709
0.172490
0.172237
0.172009
0.171783
0.171551
0.171293
0.171044
0.170822
0.170601
0.170388
0.170145
0.169894
0.169628
0.169382
0.169126
0.168894
0.168678
0.168464
0.168231
0.168001
0.167764
0.167561
0.167343
0.167128
0.166939
0.166695
0.166470
0.166242
0.166039
0.165842
0.165644
0.165434
0.165227
0.165029
0.164827
0.164629
0.164411
0.164212
0.163998
0.163795
0.163576
0.163356
0.163123
0.162898
0.162688
0.162482
0.162267
0.162066
0.161860
0.161657
0.161431
0.161230
0.161000
0.160806
0.160595
0.160395
0.160177
0.159994
0.159775
0.159574
0.159396
0.159204
0.159018
0.158832
0.158636
0.158445
0.158270
0.158084
0.157893
0.157734
0.157526
0.157347
0.157152
0.156968
0.156774
0.156621
0.156421
0.156234
0.156066
0.155863
0.155680
0.155500
0.155325
0.155137
0.154949
0.154766
0.154585
0.154406
0.154216
0.154038
0.153858
0.153672
0.153488
0.153302
0.153121
0.152909
0.152738
0.152566
0.152397
0.152243
0.152060
0.151873
0.151719
0.151536
0.151368
0.151178
0.151006
0.150843
0.150672
0.150512
0.150346
0.150179
0.150011
0.149859
0.149700
0.149537
0.149354
0.149196
0.149018
0.148839
0.148667
0.148493
0.148346
0.148187
0.148035
0.147888
0.147739
0.147567
0.147386
0.147239
0.147077
0.146916
0.146760
0.146628
0.146476
0.146324
0.146180
0.146015
0.145844
0.145686
0.145543
0.145387
0.145230
0.145089
0.144950
0.144799
0.144658
0.144521
0.144378
0.144233
0.144088
0.143964
0.143825
0.143693
0.143550
0.143403
0.143241
0.143100
0.142954
0.142830
0.142687
0.142555
0.142438
0.142282
0.142147
0.142015
0.141873
0.141724
0.141606
0.141461
0.141318
0.141186
0.141048
0.140915
0.140777
0.140634
0.140505
0.140370
0.140256
0.140134
0.140004
0.139857
0.139709
0.139560
0.139430
0.139287
0.139147
0.139003
0.138855
0.138749
0.138610
0.138482
0.138336
0.138194
0.138057
0.137926
0.137784
0.137672
0.137535
0.137409
0.137260
0.137122
0.136990
0.136853
0.136746
0.136608
0.136492
0.136354
0.136219
0.136072
0.135938
0.135805
0.135684
0.135567
0.135428
0.135308
0.135185
0.135063
0.134936
0.134795
0.134670
0.134537
0.134415
0.134282
0.134161
0.134029
0.133898
0.133793
0.133670
0.133527
0.133409
0.133284
0.133168
0.133039
0.132911
0.132799
0.132672
0.132548
0.132428
0.132312
0.132189
0.132076
0.131931
0.131800
0.131683
0.131557
0.131428
0.131303
0.131171
0.131054
0.130935
0.130812
0.130670
0.130548
0.130447
0.130325
0.130220
0.130095
0.129965
0.129846
0.129719
0.129604
0.129485
0.129370
0.129260
0.129138
0.129028
0.128926
0.128796
0.128679
0.128549
0.128438
0.128315
0.128194
0.128081
0.127983
0.127859
0.127738
0.127627
0.127514
0.127397
0.127279
0.127168
0.127067
0.126953
0.126832
0.126720
0.126601
0.126495
0.126395
0.126276
0.126161
0.126052
0.125941
0.125828
0.125710
0.125602
0.125494
0.125378
0.125262
0.125144
0.125039
0.124930
0.124824
0.124712
0.124610
0.124497
0.124393
0.124290
0.124175
0.124066
0.123963
0.123853
0.123754
0.123656
0.123559
0.123453
0.123349
0.123233
0.123129
0.123034
0.122934
0.122824
0.122713
0.122612
0.122492
0.122381
0.122260
0.122173
0.122071
0.121976
0.121871
0.121769
0.121670
0.121572
0.121481
0.121382
0.121275
0.121172
0.121066
0.120951
0.120866
0.120757
0.120666
0.120555
0.120458
0.120348
0.120253
0.120159
0.120056
0.119947
0.119853
0.119750
0.119662
0.119573
0.119485
0.119386
0.119280
0.119186
0.119080
0.118982
0.118889
0.118781
0.118680
0.118574
0.118480
0.118378
0.118284
0.118188
0.118081
0.117996
0.117894
0.117791
0.117690
0.117574
0.117487
0.117388
0.117289
0.117192
0.117083
0.116987
0.116896
0.116790
0.116717
0.116621
0.116524
0.116445
0.116364
0.116264
0.116158
0.116069
0.115990
0.115887
0.115791
0.115704
0.115605
0.115516
0.115422
0.115329
0.115232
0.115128
0.115037
0.114941
0.114857
0.114750
0.114661
0.114562
0.114474
0.114383
0.114292
0.114208
0.114115
0.114015
0.113922
0.113820
0.113724
0.113628
0.113523
0.113423
0.113323
0.113224
0.113120
0.113009
0.112898
0.112793
0.112683
0.112577
0.112476
0.112382
0.112274
0.112174
0.112070
0.111960
0.111858
0.111751
0.111647
0.111540
0.111427
0.111321
0.111212
0.111107
0.110992
0.110888
0.110777
0.110674
0.110567
0.110459
0.110357
0.110251
0.110151
0.110044
0.109944
0.109842
0.109740
0.109639
0.109531
0.109423
0.109315
0.109203
0.109106
0.108996
0.108891
0.108784
0.108671
0.108558
0.108446
0.108334
0.108225
0.108115
0.108012
0.107904
0.107796
0.107687
0.107578
0.107471
0.107367
0.107260
0.107150
0.107043
0.106937
0.106829
0.106718
0.106614
0.106504
0.106397
0.106288
0.106177
0.106070
0.105964
0.105856
0.105748
0.105642
0.105533
0.105432
0.105323
0.105213
0.105107
0.104997
0.104892
0.104786
0.104677
0.104572
0.104466
0.104359
0.104252
0.104149
0.104044
0.103934
0.103827
0.103722
0.103617
0.103511
0.103404
0.103298
0.103190
0.103087
0.102984
0.102881
0.102777
0.102672
0.102567
0.102462
0.102357
0.102258
0.102159
0.102058
0.101958
0.101867
0.101765
0.101668
0.101574
0.101477
0.101387
0.101294
0.101198
0.101111
0.101011
0.100911
0.100810
0.100711
0.100611
0.100510
0.100411
0.100312
0.100212
0.100112
0.100025
0.099999