100 cluster nodes all features L1 distance queries
Recall:
0.010000
0.017020
0.023470
0.029770
0.035710
0.041570
0.047410
0.053080
0.058640
0.064110
0.069530
0.074700
0.080110
0.085390
0.090680
0.096120
0.101160
0.106340
0.111360
0.116500
0.121360
0.126250
0.130950
0.135760
0.140610
0.145310
0.150080
0.154740
0.159460
0.164120
0.168760
0.173320
0.177850
0.182230
0.186550
0.190850
0.195030
0.199260
0.203380
0.207660
0.211810
0.216070
0.220220
0.224230
0.227940
0.231780
0.235800
0.239830
0.243900
0.247690
0.251530
0.255200
0.259200
0.263020
0.266780
0.270570
0.274350
0.277730
0.281320
0.285090
0.288450
0.291900
0.295410
0.298790
0.302160
0.305770
0.308960
0.312100
0.315440
0.318710
0.322300
0.325410
0.328590
0.332040
0.335280
0.338440
0.341570
0.344860
0.348010
0.350870
0.354020
0.356760
0.359780
0.362811
0.365741
0.368611
0.371690
0.374480
0.377321
0.380070
0.383030
0.386030
0.388760
0.391500
0.394580
0.397320
0.399710
0.402380
0.404860
0.407470
0.409850
0.412530
0.414970
0.417400
0.419390
0.421490
0.423790
0.426199
0.428320
0.430290
0.432360
0.434400
0.436480
0.438400
0.440430
0.442411
0.444340
0.446090
0.447880
0.449650
0.451480
0.453170
0.455000
0.456920
0.458670
0.460670
0.462390
0.464190
0.465960
0.467640
0.469470
0.471010
0.472780
0.474430
0.475880
0.477540
0.479050
0.480570
0.482160
0.483950
0.485280
0.486670
0.488090
0.489700
0.491180
0.492660
0.494200
0.495670
0.497320
0.498730
0.500250
0.501550
0.503040
0.504560
0.505950
0.507600
0.508980
0.510530
0.512040
0.513540
0.514860
0.516040
0.517480
0.518920
0.520200
0.521500
0.522970
0.524190
0.525400
0.526651
0.528010
0.529220
0.530530
0.531730
0.532990
0.534590
0.535980
0.537290
0.538640
0.540120
0.541320
0.542500
0.543900
0.545150
0.546230
0.547490
0.548730
0.549970
0.551290
0.552440
0.553660
0.554780
0.556040
0.557170
0.558410
0.559690
0.560780
0.561899
0.563080
0.564229
0.565460
0.566550
0.567840
0.569030
0.570269
0.571489
0.572579
0.573659
0.574799
0.576049
0.577099
0.578229
0.579360
0.580470
0.581740
0.583050
0.584280
0.585410
0.586360
0.587500
0.588590
0.589700
0.590840
0.591860
0.592930
0.593930
0.595240
0.596500
0.597529
0.598679
0.599759
0.600799
0.601739
0.602749
0.603790
0.604919
0.605940
0.607070
0.608260
0.609330
0.610570
0.611600
0.612670
0.613610
0.614610
0.615680
0.616640
0.617680
0.618730
0.619740
0.620780
0.621970
0.623139
0.624239
0.625239
0.626420
0.627399
0.628319
0.629370
0.630170
0.631280
0.632490
0.633560
0.634580
0.635740
0.636770
0.637689
0.638629
0.639589
0.640610
0.641690
0.642700
0.643580
0.644440
0.645520
0.646520
0.647360
0.648340
0.649320
0.650110
0.650900
0.651710
0.652660
0.653620
0.654620
0.655390
0.656230
0.656970
0.657870
0.658720
0.659590
0.660440
0.661380
0.662320
0.663130
0.664060
0.665020
0.665710
0.666570
0.667420
0.668170
0.669160
0.670030
0.670840
0.671800
0.672640
0.673510
0.674450
0.675260
0.676050
0.677009
0.677890
0.678780
0.679550
0.680350
0.681190
0.681960
0.682840
0.683660
0.684530
0.685340
0.686220
0.687120
0.688010
0.688920
0.689680
0.690520
0.691320
0.692180
0.692900
0.693770
0.694460
0.695350
0.696080
0.696930
0.697640
0.698360
0.699120
0.700170
0.700780
0.701690
0.702550
0.703330
0.703980
0.704810
0.705600
0.706320
0.706980
0.707920
0.708620
0.709480
0.710430
0.711230
0.712110
0.712949
0.713649
0.714370
0.715020
0.715610
0.716280
0.717070
0.717810
0.718640
0.719390
0.720270
0.721080
0.721870
0.722700
0.723550
0.724390
0.725180
0.725870
0.726580
0.727240
0.727970
0.728660
0.729420
0.730170
0.730999
0.731749
0.732449
0.733230
0.733820
0.734510
0.735280
0.735929
0.736639
0.737409
0.738029
0.738699
0.739429
0.740289
0.741079
0.741859
0.742649
0.743338
0.744108
0.744808
0.745568
0.746148
0.746718
0.747518
0.748278
0.748908
0.749578
0.750088
0.750738
0.751468
0.752309
0.753058
0.753638
0.754358
0.755099
0.755628
0.756418
0.757068
0.757828
0.758468
0.759058
0.759728
0.760328
0.760898
0.761518
0.762078
0.762748
0.763368
0.764088
0.764518
0.765118
0.765598
0.766138
0.766688
0.767468
0.768108
0.768648
0.769388
0.770098
0.770708
0.771268
0.771908
0.772488
0.773068
0.773748
0.774429
0.775019
0.775729
0.776379
0.776919
0.777499
0.778199
0.778829
0.779509
0.780229
0.780939
0.781459
0.782009
0.782779
0.783309
0.783999
0.784659
0.785329
0.785959
0.786549
0.787319
0.787859
0.788399
0.789009
0.789519
0.790039
0.790599
0.791259
0.791919
0.792569
0.793308
0.793979
0.794649
0.795278
0.795919
0.796469
0.797099
0.797839
0.798429
0.799059
0.799539
0.800149
0.800869
0.801449
0.802099
0.802809
0.803369
0.803999
0.804709
0.805269
0.805959
0.806469
0.807069
0.807629
0.808309
0.808829
0.809379
0.809979
0.810639
0.811229
0.811799
0.812489
0.813169
0.813669
0.814219
0.814779
0.815379
0.816040
0.816550
0.817090
0.817640
0.818360
0.818960
0.819730
0.820300
0.820809
0.821500
0.822019
0.822690
0.823449
0.823989
0.824469
0.825079
0.825589
0.826209
0.826789
0.827459
0.827909
0.828439
0.828939
0.829629
0.830199
0.830819
0.831419
0.832009
0.832569
0.833129
0.833789
0.834349
0.834949
0.835479
0.836059
0.836569
0.837109
0.837649
0.838059
0.838708
0.839298
0.839898
0.840468
0.840968
0.841478
0.841888
0.842439
0.842839
0.843429
0.844139
0.844679
0.845169
0.845729
0.846419
0.846988
0.847598
0.848159
0.848658
0.849088
0.849638
0.850278
0.850838
0.851349
0.851828
0.852419
0.852998
0.853478
0.854168
0.854678
0.855209
0.855829
0.856399
0.856959
0.857609
0.858229
0.858769
0.859359
0.859929
0.860449
0.861078
0.861718
0.862278
0.862908
0.863498
0.864148
0.864768
0.865358
0.865938
0.866558
0.866938
0.867488
0.867968
0.868498
0.869068
0.869638
0.870158
0.870718
0.871198
0.871728
0.872168
0.872788
0.873418
0.873968
0.874548
0.875078
0.875518
0.876178
0.876718
0.877339
0.878009
0.878599
0.879239
0.879789
0.880379
0.880899
0.881359
0.881739
0.882219
0.882659
0.883169
0.883669
0.884279
0.884729
0.885269
0.885829
0.886279
0.886799
0.887309
0.887969
0.888389
0.888859
0.889459
0.889959
0.890449
0.891079
0.891569
0.892049
0.892539
0.892999
0.893529
0.893989
0.894439
0.894919
0.895439
0.895989
0.896439
0.896869
0.897390
0.897869
0.898379
0.898869
0.899479
0.899929
0.900539
0.901059
0.901609
0.902139
0.902649
0.903019
0.903599
0.903989
0.904519
0.904929
0.905399
0.905829
0.906349
0.906829
0.907369
0.907799
0.908189
0.908739
0.909139
0.909659
0.910109
0.910549
0.911009
0.911509
0.911929
0.912349
0.912899
0.913369
0.913869
0.914389
0.914930
0.915359
0.915850
0.916279
0.916790
0.917350
0.917859
0.918359
0.918829
0.919139
0.919469
0.920000
0.920449
0.920910
0.921339
0.921840
0.922229
0.922790
0.923239
0.923689
0.924099
0.924579
0.925019
0.925589
0.926059
0.926660
0.927180
0.927640
0.928030
0.928540
0.929020
0.929550
0.929960
0.930409
0.930839
0.931319
0.931769
0.932130
0.932650
0.933049
0.933329
0.933650
0.934069
0.934309
0.934809
0.935229
0.935619
0.936029
0.936529
0.936929
0.937399
0.937819
0.938149
0.938629
0.939078
0.939458
0.939758
0.940178
0.940508
0.940968
0.941428
0.941758
0.942188
0.942678
0.943138
0.943598
0.944018
0.944368
0.944798
0.945178
0.945668
0.946119
0.946619
0.947069
0.947489
0.947859
0.948329
0.948869
0.949429
0.949869
0.950369
0.950839
0.951329
0.951799
0.952299
0.952649
0.953059
0.953319
0.953649
0.954059
0.954679
0.955179
0.955609
0.956109
0.956479
0.956849
0.957279
0.957699
0.958099
0.958479
0.958889
0.959308
0.959828
0.960238
0.960668
0.961078
0.961398
0.961878
0.962278
0.962717
0.963097
0.963437
0.963927
0.964247
0.964637
0.965117
0.965477
0.965967
0.966307
0.966677
0.967137
0.967477
0.967857
0.968216
0.968466
0.969007
0.969307
0.969757
0.970146
0.970527
0.970767
0.971177
0.971586
0.971997
0.972317
0.972777
0.973137
0.973618
0.974008
0.974368
0.974728
0.975088
0.975498
0.975898
0.976239
0.976699
0.977139
0.977509
0.977899
0.978239
0.978589
0.978928
0.979248
0.979638
0.980108
0.980438
0.980727
0.981077
0.981387
0.981807
0.982277
0.982627
0.983007
0.983388
0.983768
0.984118
0.984478
0.984758
0.985158
0.985538
0.985818
0.986058
0.986439
0.986729
0.986989
0.987239
0.987529
0.987699
0.988009
0.988239
0.988419
0.988589
0.988759
0.988859
0.989149
0.989299
0.989509
0.989709
0.990029
0.990249
0.990499
0.990669
0.990859
0.991059
0.991249
0.991439
0.991619
0.991829
0.991979
0.992169
0.992309
0.992469
0.992679
0.992839
0.992969
0.993149
0.993289
0.993409
0.993569
0.993759
0.993989
0.994249
0.994449
0.994589
0.994749
0.994889
0.994969
0.995059
0.995168
0.995309
0.995339
0.995419
0.995489
0.995549
0.995649
0.995739
0.995818
0.995898
0.995979
0.996019
0.996059
0.996119
0.996149
0.996219
0.996318
0.996409
0.996449
0.996529
0.996619
0.996689
0.996729
0.996819
0.996879
0.996939
0.996979
0.997039
0.997129
0.997169
0.997179
0.997229
0.997279
0.997309
0.997339
0.997419
0.997449
0.997499
0.997549
0.997599
0.997619
0.997649
0.997669
0.997689
0.997729
0.997749
0.997769
0.997789
0.997799
0.997839
0.997849
0.997869
0.997919
0.997939
0.997939
0.997959
0.997979
0.997989
0.998009
0.998009
0.998009
0.998019
0.998029
0.998069
0.998089
0.998119
0.998159
0.998249
0.998359
0.998399
0.998449
0.998529
0.998619
0.998690
0.998790
0.998860
0.999010
0.999020
0.999030
0.999060
0.999070
0.999070
0.999070
0.999070
0.999090
0.999120
0.999150
0.999270
1.000000
Precision:
1.000000
0.851000
0.782334
0.744250
0.714199
0.692833
0.677286
0.663500
0.651556
0.641100
0.632090
0.622500
0.616231
0.609928
0.604533
0.600750
0.595059
0.590779
0.586105
0.582501
0.577905
0.573864
0.569347
0.565667
0.562440
0.558885
0.555852
0.552643
0.549862
0.547067
0.544386
0.541625
0.538940
0.535970
0.533001
0.530139
0.527108
0.524368
0.521487
0.519150
0.516611
0.514452
0.512140
0.509614
0.506534
0.503870
0.501702
0.499646
0.497755
0.495380
0.493197
0.490769
0.489056
0.487073
0.485054
0.483161
0.481316
0.478844
0.476814
0.475150
0.472869
0.470807
0.468905
0.466859
0.464862
0.463287
0.461134
0.458971
0.457159
0.455300
0.453943
0.451958
0.450123
0.448703
0.447040
0.445316
0.443598
0.442128
0.440519
0.438587
0.437062
0.435073
0.433470
0.431916
0.430284
0.428616
0.427230
0.425545
0.423956
0.422300
0.420911
0.419598
0.418022
0.416490
0.415348
0.413875
0.412072
0.410592
0.408950
0.407470
0.405792
0.404441
0.402883
0.401346
0.399419
0.397632
0.396066
0.394630
0.392954
0.391173
0.389513
0.387857
0.386266
0.384561
0.382982
0.381388
0.379778
0.378042
0.376370
0.374708
0.373123
0.371451
0.369919
0.368484
0.366936
0.365611
0.364086
0.362648
0.361209
0.359723
0.358374
0.356826
0.355474
0.354052
0.352504
0.351132
0.349671
0.348239
0.346878
0.345678
0.344171
0.342726
0.341321
0.340069
0.338745
0.337439
0.336190
0.334912
0.333772
0.332487
0.331289
0.329968
0.328785
0.327636
0.326419
0.325384
0.324191
0.323121
0.322037
0.320962
0.319789
0.318543
0.317472
0.316414
0.315273
0.314157
0.313156
0.312017
0.310888
0.309794
0.308778
0.307686
0.306664
0.305592
0.304566
0.303744
0.302814
0.301849
0.300916
0.300067
0.299072
0.298077
0.297213
0.296277
0.295259
0.294349
0.293439
0.292537
0.291688
0.290758
0.289874
0.288948
0.288104
0.287201
0.286364
0.285556
0.284659
0.283788
0.282955
0.282115
0.281323
0.280470
0.279724
0.278936
0.278181
0.277422
0.276609
0.275798
0.275024
0.274310
0.273507
0.272750
0.272000
0.271247
0.270577
0.269931
0.269253
0.268537
0.267745
0.267045
0.266331
0.265631
0.264951
0.264223
0.263524
0.262801
0.262221
0.261623
0.260930
0.260296
0.259636
0.258966
0.258258
0.257586
0.256932
0.256322
0.255671
0.255071
0.254502
0.253888
0.253348
0.252727
0.252128
0.251480
0.250861
0.250276
0.249652
0.249065
0.248486
0.247896
0.247323
0.246814
0.246301
0.245764
0.245191
0.244695
0.244123
0.243535
0.243000
0.242373
0.241870
0.241408
0.240897
0.240371
0.239902
0.239387
0.238835
0.238294
0.237766
0.237263
0.236786
0.236287
0.235744
0.235197
0.234735
0.234247
0.233704
0.233216
0.232731
0.232182
0.231637
0.231103
0.230622
0.230148
0.229691
0.229157
0.228652
0.228115
0.227637
0.227144
0.226663
0.226178
0.225727
0.225279
0.224790
0.224345
0.223912
0.223393
0.222933
0.222474
0.221983
0.221575
0.221132
0.220671
0.220262
0.219817
0.219384
0.218977
0.218531
0.218081
0.217688
0.217272
0.216862
0.216418
0.215984
0.215566
0.215130
0.214730
0.214313
0.213916
0.213501
0.213112
0.212731
0.212349
0.211975
0.211559
0.211168
0.210768
0.210389
0.209970
0.209599
0.209175
0.208814
0.208407
0.208039
0.207631
0.207229
0.206841
0.206540
0.206112
0.205775
0.205424
0.205052
0.204645
0.204293
0.203931
0.203550
0.203155
0.202842
0.202463
0.202131
0.201826
0.201482
0.201161
0.200831
0.200464
0.200104
0.199726
0.199334
0.198967
0.198634
0.198291
0.197972
0.197635
0.197334
0.197017
0.196694
0.196385
0.196084
0.195781
0.195466
0.195126
0.194794
0.194449
0.194125
0.193793
0.193480
0.193166
0.192876
0.192566
0.192245
0.191945
0.191598
0.191279
0.190982
0.190655
0.190346
0.190054
0.189725
0.189410
0.189112
0.188850
0.188571
0.188289
0.188013
0.187712
0.187434
0.187138
0.186860
0.186537
0.186214
0.185950
0.185677
0.185374
0.185081
0.184752
0.184457
0.184183
0.183939
0.183673
0.183367
0.183098
0.182833
0.182519
0.182270
0.181988
0.181734
0.181452
0.181160
0.180889
0.180600
0.180308
0.180028
0.179736
0.179471
0.179195
0.178944
0.178626
0.178350
0.178047
0.177758
0.177475
0.177245
0.176983
0.176701
0.176465
0.176225
0.175961
0.175688
0.175434
0.175169
0.174902
0.174661
0.174421
0.174161
0.173930
0.173687
0.173420
0.173162
0.172933
0.172690
0.172457
0.172236
0.172013
0.171749
0.171494
0.171287
0.171028
0.170806
0.170578
0.170354
0.170122
0.169881
0.169681
0.169433
0.169184
0.168953
0.168701
0.168452
0.168213
0.167996
0.167779
0.167563
0.167365
0.167154
0.166943
0.166725
0.166510
0.166277
0.166063
0.165871
0.165649
0.165437
0.165194
0.164979
0.164788
0.164569
0.164365
0.164174
0.163953
0.163748
0.163559
0.163341
0.163150
0.162923
0.162716
0.162501
0.162311
0.162090
0.161876
0.161673
0.161482
0.161278
0.161071
0.160890
0.160706
0.160487
0.160281
0.160075
0.159878
0.159695
0.159482
0.159277
0.159073
0.158905
0.158714
0.158555
0.158359
0.158152
0.157980
0.157778
0.157604
0.157448
0.157250
0.157042
0.156859
0.156658
0.156479
0.156293
0.156125
0.155915
0.155722
0.155524
0.155361
0.155177
0.155004
0.154827
0.154649
0.154466
0.154283
0.154120
0.153939
0.153766
0.153581
0.153405
0.153218
0.153037
0.152856
0.152652
0.152493
0.152323
0.152156
0.151984
0.151799
0.151618
0.151419
0.151246
0.151047
0.150882
0.150739
0.150567
0.150386
0.150218
0.150075
0.149910
0.149753
0.149587
0.149412
0.149225
0.149059
0.148911
0.148748
0.148578
0.148403
0.148247
0.148090
0.147917
0.147780
0.147613
0.147450
0.147303
0.147148
0.146992
0.146851
0.146705
0.146548
0.146399
0.146246
0.146086
0.145946
0.145807
0.145656
0.145516
0.145370
0.145235
0.145096
0.144951
0.144806
0.144668
0.144490
0.144342
0.144181
0.144030
0.143886
0.143742
0.143591
0.143446
0.143290
0.143141
0.142978
0.142846
0.142716
0.142572
0.142435
0.142290
0.142130
0.142007
0.141864
0.141735
0.141614
0.141482
0.141357
0.141218
0.141086
0.140944
0.140793
0.140628
0.140481
0.140327
0.140186
0.140043
0.139917
0.139767
0.139633
0.139501
0.139353
0.139215
0.139077
0.138963
0.138811
0.138668
0.138545
0.138407
0.138269
0.138152
0.138014
0.137875
0.137737
0.137596
0.137466
0.137326
0.137184
0.137048
0.136918
0.136793
0.136652
0.136510
0.136382
0.136248
0.136118
0.135986
0.135873
0.135736
0.135624
0.135498
0.135377
0.135253
0.135127
0.134980
0.134866
0.134723
0.134602
0.134463
0.134333
0.134197
0.134075
0.133948
0.133830
0.133697
0.133558
0.133442
0.133306
0.133186
0.133057
0.132927
0.132800
0.132680
0.132548
0.132417
0.132304
0.132181
0.132062
0.131947
0.131834
0.131707
0.131588
0.131460
0.131345
0.131237
0.131123
0.131007
0.130887
0.130745
0.130606
0.130497
0.130375
0.130256
0.130133
0.130020
0.129892
0.129788
0.129669
0.129550
0.129426
0.129312
0.129192
0.129092
0.128977
0.128882
0.128774
0.128660
0.128536
0.128429
0.128318
0.128214
0.128094
0.127979
0.127862
0.127753
0.127640
0.127515
0.127411
0.127292
0.127156
0.127028
0.126912
0.126772
0.126668
0.126553
0.126435
0.126321
0.126217
0.126101
0.125994
0.125882
0.125758
0.125653
0.125546
0.125430
0.125302
0.125190
0.125068
0.124963
0.124859
0.124737
0.124629
0.124528
0.124425
0.124322
0.124213
0.124096
0.123989
0.123877
0.123779
0.123676
0.123579
0.123477
0.123371
0.123258
0.123160
0.123069
0.122983
0.122881
0.122787
0.122689
0.122594
0.122497
0.122403
0.122291
0.122187
0.122064
0.121950
0.121847
0.121770
0.121678
0.121579
0.121488
0.121381
0.121273
0.121175
0.121074
0.120972
0.120868
0.120768
0.120668
0.120582
0.120482
0.120385
0.120285
0.120175
0.120085
0.119985
0.119891
0.119787
0.119682
0.119594
0.119486
0.119387
0.119299
0.119195
0.119109
0.119004
0.118903
0.118812
0.118709
0.118610
0.118509
0.118394
0.118317
0.118209
0.118120
0.118023
0.117926
0.117813
0.117720
0.117626
0.117533
0.117430
0.117345
0.117246
0.117163
0.117069
0.116972
0.116874
0.116776
0.116686
0.116595
0.116497
0.116412
0.116327
0.116232
0.116140
0.116043
0.115947
0.115849
0.115750
0.115660
0.115579
0.115481
0.115379
0.115285
0.115186
0.115101
0.115022
0.114927
0.114837
0.114747
0.114658
0.114566
0.114475
0.114373
0.114289
0.114199
0.114100
0.113996
0.113907
0.113811
0.113707
0.113606
0.113509
0.113398
0.113303
0.113201
0.113092
0.112982
0.112873
0.112754
0.112658
0.112547
0.112445
0.112340
0.112249
0.112147
0.112047
0.111939
0.111836
0.111731
0.111627
0.111524
0.111417
0.111317
0.111208
0.111105
0.110997
0.110890
0.110791
0.110684
0.110576
0.110474
0.110366
0.110256
0.110152
0.110050
0.109954
0.109861
0.109762
0.109657
0.109553
0.109448
0.109338
0.109228
0.109120
0.109015
0.108898
0.108790
0.108677
0.108567
0.108458
0.108350
0.108241
0.108131
0.108024
0.107912
0.107798
0.107689
0.107576
0.107467
0.107362
0.107257
0.107146
0.107039
0.106935
0.106826
0.106716
0.106611
0.106503
0.106396
0.106289
0.106181
0.106078
0.105969
0.105857
0.105749
0.105644
0.105535
0.105427
0.105325
0.105216
0.105111
0.105005
0.104901
0.104791
0.104686
0.104577
0.104471
0.104364
0.104257
0.104152
0.104046
0.103937
0.103833
0.103727
0.103622
0.103519
0.103414
0.103307
0.103201
0.103096
0.102993
0.102888
0.102782
0.102677
0.102572
0.102467
0.102366
0.102264
0.102163
0.102061
0.101966
0.101874
0.101773
0.101674
0.101581
0.101485
0.101391
0.101297
0.101202
0.101114
0.101013
0.100913
0.100812
0.100713
0.100612
0.100510
0.100409
0.100311
0.100213
0.100114
0.100027
0.099999