10k cluster nodes L1 distance queries
Recall:
0.010000
0.016530
0.022620
0.028540
0.034310
0.039850
0.045360
0.050810
0.056370
0.061750
0.066880
0.072150
0.077300
0.082470
0.087330
0.092210
0.097090
0.101830
0.106620
0.111480
0.116200
0.120950
0.125740
0.130250
0.134920
0.139590
0.144030
0.148520
0.153050
0.157450
0.161990
0.166190
0.170520
0.174840
0.178980
0.183190
0.187600
0.192000
0.196250
0.200390
0.204320
0.208330
0.212290
0.216080
0.220150
0.224020
0.228000
0.231800
0.235630
0.239330
0.243330
0.247200
0.251110
0.254680
0.258330
0.261880
0.265470
0.269020
0.272610
0.276090
0.279660
0.283080
0.286590
0.290070
0.293260
0.296670
0.299950
0.303250
0.306400
0.309590
0.312960
0.316480
0.319310
0.322440
0.325480
0.328420
0.331440
0.334640
0.337850
0.340940
0.343910
0.346770
0.350030
0.352980
0.355840
0.358951
0.361821
0.364710
0.367680
0.370570
0.373280
0.376090
0.378941
0.381700
0.384400
0.387070
0.389710
0.392210
0.394680
0.397150
0.399630
0.402150
0.404340
0.406630
0.408990
0.411130
0.413390
0.415660
0.417690
0.419580
0.421550
0.423590
0.425520
0.427341
0.429041
0.430741
0.432481
0.434381
0.435981
0.437630
0.439360
0.440970
0.442570
0.444240
0.445730
0.447330
0.448930
0.450410
0.452000
0.453540
0.455270
0.456770
0.458290
0.459740
0.461270
0.462750
0.464280
0.465980
0.467530
0.468590
0.469810
0.471360
0.473110
0.474530
0.475900
0.477160
0.478550
0.480060
0.481590
0.483010
0.484610
0.485920
0.487260
0.488420
0.489880
0.491270
0.492550
0.493920
0.495180
0.496450
0.497790
0.499120
0.500440
0.501750
0.503140
0.504330
0.505560
0.507080
0.508400
0.509670
0.510830
0.512050
0.513260
0.514310
0.515480
0.516940
0.518200
0.519560
0.520860
0.522101
0.523231
0.524400
0.525840
0.527000
0.528330
0.529530
0.530810
0.532110
0.533330
0.534360
0.535560
0.536860
0.537790
0.538970
0.540190
0.541270
0.542500
0.543650
0.544730
0.545860
0.546950
0.547970
0.549170
0.550340
0.551431
0.552530
0.553590
0.554631
0.555560
0.556640
0.557850
0.559090
0.560390
0.561660
0.562700
0.563780
0.564940
0.565900
0.567010
0.568150
0.569340
0.570340
0.571350
0.572340
0.573340
0.574400
0.575360
0.576590
0.577600
0.578680
0.579800
0.580900
0.581880
0.583049
0.584099
0.585180
0.586080
0.587150
0.588180
0.589190
0.590250
0.591419
0.592559
0.593539
0.594559
0.595490
0.596379
0.597380
0.598510
0.599450
0.600550
0.601510
0.602280
0.603280
0.604120
0.605030
0.606120
0.607250
0.608190
0.609229
0.610169
0.611120
0.612239
0.613250
0.614280
0.615200
0.616000
0.617140
0.618010
0.619060
0.620069
0.620930
0.621859
0.622789
0.623839
0.624679
0.625519
0.626369
0.627319
0.628310
0.629280
0.630190
0.631110
0.631980
0.632859
0.633789
0.634830
0.635780
0.636709
0.637640
0.638580
0.639399
0.640119
0.640969
0.641999
0.642839
0.643699
0.644670
0.645390
0.646210
0.647090
0.647960
0.649090
0.650100
0.650910
0.651690
0.652550
0.653340
0.654190
0.655130
0.656020
0.657040
0.657970
0.658900
0.659730
0.660470
0.661290
0.662160
0.662990
0.663930
0.664760
0.665480
0.666260
0.667060
0.667920
0.668790
0.669620
0.670410
0.671370
0.672190
0.673150
0.673880
0.674830
0.675620
0.676510
0.677609
0.678450
0.679370
0.680050
0.680890
0.681690
0.682429
0.683329
0.684230
0.685199
0.686069
0.686989
0.687879
0.688760
0.689709
0.690490
0.691290
0.691999
0.692920
0.693740
0.694520
0.695340
0.695980
0.696690
0.697530
0.698330
0.699300
0.700290
0.701000
0.701890
0.702670
0.703350
0.704070
0.704750
0.705610
0.706410
0.707210
0.708000
0.708750
0.709460
0.710270
0.711100
0.711770
0.712510
0.713280
0.714000
0.714870
0.715460
0.716280
0.717090
0.717830
0.718650
0.719420
0.720190
0.720950
0.721740
0.722470
0.723170
0.723890
0.724680
0.725360
0.726060
0.726790
0.727390
0.728210
0.728970
0.729760
0.730490
0.731260
0.731840
0.732620
0.733570
0.734290
0.734970
0.735690
0.736500
0.737280
0.738050
0.739030
0.739740
0.740580
0.741370
0.742090
0.742860
0.743600
0.744530
0.745240
0.746050
0.746700
0.747420
0.748150
0.748840
0.749590
0.750360
0.751110
0.751770
0.752520
0.753150
0.753880
0.754610
0.755330
0.756030
0.756670
0.757430
0.758090
0.758820
0.759420
0.759950
0.760670
0.761300
0.762000
0.762620
0.763210
0.763930
0.764490
0.765220
0.765820
0.766640
0.767320
0.768100
0.768791
0.769501
0.770201
0.770971
0.771490
0.772290
0.772951
0.773541
0.774250
0.774880
0.775730
0.776430
0.777070
0.777820
0.778530
0.779150
0.779740
0.780380
0.781090
0.781790
0.782600
0.783170
0.783920
0.784580
0.785210
0.785910
0.786490
0.787300
0.787990
0.788580
0.789340
0.790010
0.790680
0.791220
0.791800
0.792370
0.792990
0.793550
0.794220
0.794900
0.795540
0.796170
0.796600
0.797340
0.798180
0.798800
0.799450
0.800150
0.800870
0.801500
0.802180
0.802840
0.803510
0.804180
0.804770
0.805550
0.806140
0.806830
0.807410
0.808110
0.808680
0.809290
0.809979
0.810730
0.811369
0.811940
0.812549
0.813259
0.813869
0.814369
0.815009
0.815709
0.816279
0.816979
0.817539
0.818239
0.818919
0.819409
0.820089
0.820669
0.821319
0.822039
0.822609
0.823239
0.823859
0.824439
0.825259
0.825839
0.826489
0.827159
0.827869
0.828509
0.829109
0.829829
0.830449
0.831049
0.831718
0.832358
0.833058
0.833668
0.834468
0.834958
0.835688
0.836337
0.836887
0.837527
0.838177
0.838787
0.839287
0.839877
0.840507
0.841267
0.841937
0.842577
0.843087
0.843527
0.843997
0.844707
0.845277
0.845787
0.846297
0.846947
0.847647
0.848297
0.848907
0.849497
0.850027
0.850677
0.851347
0.852037
0.852707
0.853287
0.853907
0.854607
0.855037
0.855658
0.856368
0.856988
0.857618
0.858158
0.858708
0.859348
0.859888
0.860348
0.861028
0.861577
0.862188
0.862828
0.863458
0.864058
0.864588
0.865188
0.865748
0.866448
0.867048
0.867748
0.868328
0.868888
0.869418
0.870048
0.870518
0.871208
0.871748
0.872398
0.872948
0.873668
0.874188
0.874728
0.875298
0.875888
0.876488
0.877098
0.877798
0.878318
0.878748
0.879278
0.879898
0.880528
0.881108
0.881598
0.882278
0.882838
0.883418
0.883978
0.884458
0.885138
0.885658
0.886258
0.886748
0.887428
0.888178
0.888658
0.889278
0.889769
0.890299
0.890949
0.891559
0.892078
0.892648
0.893168
0.893748
0.894308
0.894908
0.895419
0.895969
0.896449
0.897159
0.897819
0.898429
0.898919
0.899459
0.899939
0.900489
0.900979
0.901509
0.902029
0.902579
0.903079
0.903719
0.904218
0.904749
0.905259
0.905839
0.906369
0.906828
0.907429
0.907949
0.908479
0.909079
0.909609
0.910149
0.910679
0.911319
0.911969
0.912549
0.913099
0.913579
0.914078
0.914618
0.915228
0.915848
0.916468
0.916919
0.917449
0.917979
0.918559
0.919069
0.919559
0.920049
0.920579
0.921059
0.921529
0.921999
0.922559
0.923039
0.923559
0.924039
0.924499
0.924869
0.925429
0.925919
0.926389
0.926899
0.927389
0.927839
0.928439
0.928969
0.929489
0.929969
0.930409
0.930969
0.931409
0.931879
0.932389
0.932899
0.933439
0.933959
0.934469
0.934869
0.935529
0.935999
0.936459
0.937069
0.937559
0.938099
0.938549
0.938869
0.939349
0.939879
0.940409
0.940899
0.941419
0.941908
0.942329
0.942679
0.943168
0.943708
0.944209
0.944678
0.945119
0.945578
0.946089
0.946429
0.946878
0.947419
0.947768
0.948138
0.948448
0.948848
0.949198
0.949598
0.950018
0.950348
0.950728
0.951199
0.951628
0.952048
0.952308
0.952708
0.953119
0.953669
0.954109
0.954409
0.954829
0.955239
0.955658
0.956138
0.956648
0.956988
0.957308
0.957558
0.958018
0.958468
0.958878
0.959288
0.959628
0.960048
0.960468
0.960898
0.961278
0.961648
0.962108
0.962448
0.962868
0.963358
0.963698
0.964068
0.964378
0.964768
0.965128
0.965388
0.965738
0.966048
0.966398
0.966698
0.967018
0.967408
0.967688
0.968018
0.968388
0.968668
0.968948
0.969358
0.969658
0.969919
0.970179
0.970558
0.970818
0.971079
0.971379
0.971659
0.972039
0.972409
0.972689
0.972959
0.973239
0.973549
0.973829
0.974159
0.974379
0.974649
0.974929
0.975289
0.975539
0.975859
0.976039
0.976379
0.976719
0.976969
0.977229
0.977419
0.977669
0.977889
0.978089
0.978379
0.978639
0.978829
0.979159
0.979438
0.979678
0.979949
0.980219
0.980509
0.980819
0.981158
0.981408
0.981668
0.981898
0.982238
0.982539
0.982858
0.983088
0.983298
0.983588
0.983858
0.984048
0.984258
0.984429
0.984689
0.984849
0.984959
0.985129
0.985259
0.985449
0.985689
0.985829
0.985959
0.986109
0.986299
0.986429
0.986549
0.986759
0.986939
0.987119
0.987269
0.987429
0.987529
0.987719
0.987849
0.988049
0.988229
0.988479
0.988599
0.988749
0.988889
0.989019
0.989139
0.989309
0.989479
0.989609
0.989809
0.989959
0.990079
0.990249
0.990399
0.990489
0.990589
0.990729
0.990849
0.990969
0.991119
0.991259
0.991439
0.991499
0.991599
0.991669
0.991809
0.991889
0.992049
0.992189
0.992329
0.992469
0.992529
0.992629
0.992709
0.992819
0.992899
0.992989
0.993119
0.993269
0.993309
0.993389
0.993539
0.993629
0.993709
0.993879
0.993999
0.994079
0.994209
0.994309
0.994409
0.994469
0.994599
0.994749
0.994839
0.994959
0.995049
0.995149
0.995289
0.995319
0.995419
0.995519
0.995619
0.995719
0.995839
0.995949
0.996039
0.996169
0.996289
0.996399
0.996499
0.996639
0.996729
0.996779
0.996849
0.996929
0.997009
0.997159
0.997259
0.997399
0.997459
0.997529
0.997619
0.997769
0.997869
0.997939
0.998029
0.998109
0.998229
0.998309
0.998429
0.998479
0.998600
0.998680
0.998820
0.998910
0.999010
0.999090
0.999170
0.999280
0.999370
0.999430
0.999470
0.999500
1.000000
Precision:
1.000000
0.826500
0.754001
0.713500
0.686200
0.664167
0.648000
0.635125
0.626333
0.617500
0.608000
0.601250
0.594616
0.589072
0.582201
0.576312
0.571118
0.565723
0.561158
0.557400
0.553334
0.549773
0.546695
0.542708
0.539680
0.536885
0.533444
0.530428
0.527759
0.524833
0.522547
0.519344
0.516728
0.514235
0.511372
0.508862
0.507027
0.505263
0.503205
0.500975
0.498342
0.496024
0.493698
0.491092
0.489222
0.487000
0.485107
0.482916
0.480878
0.478660
0.477118
0.475384
0.473792
0.471630
0.469691
0.467642
0.465737
0.463828
0.462050
0.460150
0.458459
0.456581
0.454905
0.453234
0.451169
0.449500
0.447686
0.445956
0.444058
0.442271
0.440788
0.439556
0.437411
0.435730
0.433974
0.432131
0.430441
0.429026
0.427658
0.426175
0.424581
0.422891
0.421723
0.420214
0.418636
0.417383
0.415885
0.414443
0.413124
0.411744
0.410197
0.408793
0.407463
0.406063
0.404632
0.403198
0.401763
0.400214
0.398668
0.397150
0.395673
0.394265
0.392563
0.390991
0.389515
0.387859
0.386346
0.384871
0.383202
0.381436
0.379775
0.378205
0.376567
0.374860
0.373078
0.371328
0.369641
0.368119
0.366370
0.364691
0.363107
0.361451
0.359813
0.358258
0.356584
0.355024
0.353487
0.351883
0.350387
0.348876
0.347534
0.346038
0.344579
0.343089
0.341682
0.340257
0.338890
0.337667
0.336353
0.334707
0.333199
0.331944
0.330846
0.329535
0.328207
0.326822
0.325544
0.324364
0.323215
0.322007
0.320931
0.319684
0.318471
0.317155
0.316051
0.314916
0.313726
0.312608
0.311433
0.310281
0.309187
0.308099
0.307018
0.305945
0.304934
0.303814
0.302731
0.301833
0.300828
0.299806
0.298732
0.297703
0.296682
0.295581
0.294560
0.293716
0.292769
0.291888
0.290983
0.290056
0.289078
0.288132
0.287345
0.286413
0.285584
0.284693
0.283856
0.283037
0.282185
0.281242
0.280398
0.279615
0.278648
0.277820
0.277020
0.276158
0.275380
0.274571
0.273733
0.272930
0.272114
0.271272
0.270527
0.269774
0.268990
0.268218
0.267435
0.266649
0.265818
0.265067
0.264384
0.263722
0.263094
0.262458
0.261721
0.261009
0.260340
0.259587
0.258909
0.258250
0.257620
0.256910
0.256211
0.255509
0.254818
0.254159
0.253463
0.252891
0.252227
0.251600
0.250996
0.250388
0.249734
0.249167
0.248553
0.247958
0.247291
0.246702
0.246100
0.245495
0.244917
0.244388
0.243852
0.243254
0.242678
0.242069
0.241449
0.240879
0.240365
0.239780
0.239263
0.238694
0.238055
0.237512
0.236908
0.236340
0.235843
0.235368
0.234823
0.234319
0.233782
0.233252
0.232791
0.232291
0.231804
0.231278
0.230712
0.230276
0.229744
0.229281
0.228808
0.228283
0.227788
0.227295
0.226851
0.226333
0.225819
0.225313
0.224846
0.224396
0.223943
0.223471
0.223007
0.222528
0.222056
0.221605
0.221195
0.220757
0.220315
0.219876
0.219443
0.218973
0.218471
0.218017
0.217627
0.217176
0.216734
0.216332
0.215850
0.215404
0.214980
0.214556
0.214221
0.213849
0.213413
0.212970
0.212557
0.212124
0.211712
0.211332
0.210939
0.210590
0.210214
0.209841
0.209438
0.209009
0.208609
0.208226
0.207834
0.207478
0.207090
0.206671
0.206273
0.205882
0.205514
0.205151
0.204777
0.204393
0.204064
0.203694
0.203369
0.202976
0.202652
0.202281
0.201943
0.201670
0.201321
0.200997
0.200605
0.200262
0.199909
0.199541
0.199221
0.198904
0.198609
0.198286
0.197980
0.197667
0.197352
0.197060
0.196720
0.196389
0.196034
0.195740
0.195420
0.195090
0.194773
0.194408
0.194064
0.193759
0.193443
0.193177
0.192917
0.192583
0.192299
0.191986
0.191648
0.191323
0.190989
0.190706
0.190407
0.190110
0.189812
0.189505
0.189190
0.188902
0.188621
0.188299
0.187998
0.187705
0.187402
0.187139
0.186804
0.186531
0.186257
0.185966
0.185698
0.185417
0.185139
0.184859
0.184588
0.184304
0.184013
0.183728
0.183463
0.183172
0.182887
0.182611
0.182304
0.182052
0.181788
0.181532
0.181263
0.181005
0.180701
0.180448
0.180238
0.179973
0.179699
0.179437
0.179197
0.178952
0.178705
0.178510
0.178251
0.178024
0.177786
0.177534
0.177293
0.177048
0.176847
0.176597
0.176371
0.176108
0.175863
0.175622
0.175372
0.175138
0.174909
0.174677
0.174424
0.174195
0.173938
0.173704
0.173473
0.173241
0.173005
0.172756
0.172535
0.172293
0.172068
0.171814
0.171546
0.171322
0.171078
0.170852
0.170609
0.170359
0.170140
0.169887
0.169672
0.169428
0.169236
0.169013
0.168813
0.168594
0.168381
0.168166
0.167967
0.167715
0.167525
0.167306
0.167071
0.166864
0.166641
0.166465
0.166259
0.166041
0.165846
0.165645
0.165425
0.165199
0.164985
0.164787
0.164587
0.164412
0.164186
0.164000
0.163796
0.163586
0.163390
0.163172
0.163002
0.162808
0.162594
0.162416
0.162220
0.162024
0.161804
0.161592
0.161379
0.161177
0.160964
0.160773
0.160586
0.160392
0.160195
0.159960
0.159787
0.159636
0.159441
0.159253
0.159075
0.158902
0.158713
0.158534
0.158351
0.158173
0.157992
0.157798
0.157642
0.157449
0.157277
0.157083
0.156915
0.156722
0.156535
0.156366
0.156210
0.156032
0.155843
0.155661
0.155499
0.155318
0.155118
0.154945
0.154783
0.154598
0.154438
0.154253
0.154094
0.153932
0.153736
0.153575
0.153396
0.153231
0.153080
0.152902
0.152735
0.152567
0.152392
0.152262
0.152088
0.151928
0.151772
0.151625
0.151464
0.151297
0.151153
0.150991
0.150825
0.150674
0.150517
0.150372
0.150211
0.150085
0.149903
0.149765
0.149614
0.149445
0.149292
0.149142
0.148986
0.148810
0.148652
0.148500
0.148373
0.148229
0.148081
0.147910
0.147729
0.147552
0.147419
0.147262
0.147094
0.146927
0.146785
0.146653
0.146512
0.146364
0.146214
0.146053
0.145914
0.145780
0.145647
0.145513
0.145364
0.145222
0.145095
0.144922
0.144782
0.144657
0.144517
0.144380
0.144229
0.144079
0.143945
0.143794
0.143631
0.143505
0.143358
0.143221
0.143090
0.142958
0.142820
0.142672
0.142535
0.142393
0.142274
0.142139
0.142021
0.141884
0.141744
0.141599
0.141472
0.141318
0.141201
0.141060
0.140937
0.140798
0.140688
0.140545
0.140406
0.140272
0.140143
0.140014
0.139888
0.139777
0.139637
0.139484
0.139347
0.139224
0.139104
0.138977
0.138835
0.138724
0.138593
0.138467
0.138338
0.138197
0.138087
0.137953
0.137832
0.137694
0.137586
0.137490
0.137351
0.137234
0.137098
0.136969
0.136859
0.136742
0.136613
0.136491
0.136362
0.136242
0.136121
0.136005
0.135876
0.135753
0.135620
0.135522
0.135418
0.135306
0.135176
0.135054
0.134923
0.134804
0.134675
0.134554
0.134431
0.134313
0.134188
0.134083
0.133958
0.133839
0.133716
0.133605
0.133486
0.133358
0.133250
0.133131
0.133013
0.132907
0.132790
0.132675
0.132559
0.132459
0.132362
0.132253
0.132141
0.132020
0.131902
0.131789
0.131688
0.131587
0.131488
0.131363
0.131252
0.131140
0.131036
0.130921
0.130805
0.130689
0.130579
0.130461
0.130343
0.130226
0.130122
0.130006
0.129896
0.129781
0.129663
0.129533
0.129431
0.129318
0.129204
0.129094
0.128984
0.128866
0.128771
0.128666
0.128560
0.128450
0.128333
0.128233
0.128117
0.128005
0.127900
0.127794
0.127694
0.127590
0.127486
0.127366
0.127283
0.127174
0.127064
0.126974
0.126868
0.126770
0.126661
0.126532
0.126427
0.126328
0.126230
0.126126
0.126027
0.125924
0.125813
0.125691
0.125588
0.125494
0.125394
0.125290
0.125182
0.125077
0.124979
0.124859
0.124754
0.124660
0.124543
0.124428
0.124306
0.124195
0.124079
0.123968
0.123862
0.123744
0.123631
0.123532
0.123427
0.123322
0.123197
0.123089
0.122984
0.122896
0.122794
0.122675
0.122571
0.122466
0.122364
0.122268
0.122178
0.122065
0.121950
0.121827
0.121731
0.121634
0.121530
0.121429
0.121318
0.121218
0.121119
0.121021
0.120915
0.120810
0.120717
0.120608
0.120510
0.120420
0.120313
0.120208
0.120098
0.119995
0.119891
0.119775
0.119670
0.119562
0.119457
0.119346
0.119239
0.119139
0.119027
0.118920
0.118820
0.118709
0.118598
0.118503
0.118396
0.118283
0.118171
0.118072
0.117961
0.117850
0.117744
0.117634
0.117538
0.117441
0.117334
0.117225
0.117117
0.117014
0.116907
0.116806
0.116691
0.116584
0.116479
0.116383
0.116273
0.116175
0.116057
0.115960
0.115862
0.115755
0.115647
0.115533
0.115428
0.115318
0.115204
0.115103
0.114998
0.114886
0.114790
0.114689
0.114582
0.114480
0.114378
0.114278
0.114182
0.114089
0.113984
0.113884
0.113778
0.113685
0.113589
0.113494
0.113391
0.113282
0.113186
0.113087
0.112978
0.112873
0.112764
0.112666
0.112555
0.112439
0.112329
0.112215
0.112109
0.112011
0.111899
0.111788
0.111678
0.111572
0.111460
0.111349
0.111247
0.111142
0.111038
0.110929
0.110823
0.110709
0.110607
0.110498
0.110397
0.110294
0.110198
0.110089
0.109984
0.109878
0.109769
0.109661
0.109557
0.109455
0.109349
0.109250
0.109146
0.109039
0.108938
0.108836
0.108726
0.108617
0.108513
0.108407
0.108304
0.108200
0.108099
0.108000
0.107888
0.107783
0.107672
0.107571
0.107465
0.107364
0.107264
0.107164
0.107062
0.106953
0.106850
0.106744
0.106641
0.106536
0.106429
0.106329
0.106231
0.106122
0.106017
0.105922
0.105818
0.105714
0.105620
0.105519
0.105415
0.105319
0.105217
0.105117
0.105013
0.104915
0.104821
0.104720
0.104624
0.104522
0.104423
0.104327
0.104223
0.104122
0.104024
0.103928
0.103830
0.103733
0.103636
0.103539
0.103446
0.103350
0.103255
0.103158
0.103064
0.102967
0.102868
0.102769
0.102671
0.102574
0.102483
0.102388
0.102297
0.102200
0.102103
0.102006
0.101917
0.101824
0.101726
0.101631
0.101538
0.101446
0.101352
0.101260
0.101164
0.101072
0.100979
0.100892
0.100797
0.100707
0.100614
0.100520
0.100430
0.100339
0.100244
0.100146
0.100050
0.099999