1k cluster nodes L2 distance queries
Recall:
0.010000
0.016350
0.022260
0.027600
0.032940
0.037970
0.042880
0.047740
0.052560
0.056990
0.061670
0.066260
0.070440
0.074570
0.078520
0.082640
0.086670
0.090640
0.094480
0.098300
0.101840
0.105630
0.109470
0.113260
0.116880
0.120410
0.123950
0.127750
0.131280
0.134870
0.138500
0.141970
0.145380
0.148520
0.151590
0.154800
0.157750
0.160890
0.164030
0.166900
0.169920
0.172920
0.176000
0.179050
0.182030
0.184800
0.187700
0.190400
0.193220
0.195930
0.198920
0.201620
0.204490
0.207180
0.210170
0.212960
0.215660
0.218170
0.220880
0.223660
0.226550
0.229040
0.231670
0.234420
0.236990
0.239730
0.242390
0.244880
0.247450
0.249890
0.252320
0.254900
0.257230
0.259710
0.262110
0.264450
0.266910
0.269240
0.271750
0.274310
0.276700
0.279090
0.281500
0.283750
0.286210
0.288650
0.290740
0.293120
0.295180
0.297490
0.300130
0.302420
0.304860
0.307240
0.309190
0.311380
0.313310
0.315430
0.317290
0.319220
0.321520
0.323280
0.325400
0.326760
0.328970
0.330760
0.332800
0.334830
0.336630
0.338200
0.339650
0.341150
0.342570
0.344400
0.346460
0.348230
0.349770
0.351320
0.352890
0.354330
0.355930
0.357570
0.358950
0.360530
0.362101
0.363701
0.365201
0.366921
0.368471
0.370021
0.371371
0.372820
0.374280
0.375500
0.376810
0.378220
0.379730
0.381050
0.382560
0.383931
0.385391
0.386911
0.388221
0.389540
0.390780
0.392170
0.393380
0.394590
0.395960
0.397310
0.398630
0.399941
0.401191
0.402571
0.404041
0.405281
0.406550
0.407840
0.409380
0.410590
0.411850
0.413010
0.414350
0.415571
0.416740
0.418041
0.419181
0.420511
0.421621
0.422841
0.424020
0.425421
0.426721
0.428031
0.429221
0.430451
0.431491
0.432741
0.433841
0.435120
0.436301
0.437481
0.438591
0.439551
0.440951
0.441911
0.443061
0.444231
0.445360
0.446340
0.447320
0.448530
0.449650
0.450711
0.452020
0.453180
0.454400
0.455480
0.456620
0.457640
0.458550
0.459680
0.460650
0.461840
0.463070
0.464160
0.465170
0.466340
0.467460
0.468620
0.469950
0.471110
0.472030
0.473200
0.474260
0.475330
0.476361
0.477451
0.478530
0.479600
0.480740
0.481680
0.482720
0.483810
0.484910
0.485930
0.487080
0.488110
0.489160
0.490100
0.491050
0.492160
0.493150
0.494170
0.495020
0.496100
0.497120
0.498160
0.499340
0.500570
0.501530
0.502590
0.503651
0.504690
0.505970
0.507090
0.508190
0.509281
0.510391
0.511501
0.512461
0.513411
0.514551
0.515681
0.516741
0.517781
0.518771
0.519821
0.520811
0.521951
0.523081
0.524051
0.524981
0.525901
0.527021
0.528261
0.529271
0.530380
0.531500
0.532690
0.533440
0.534390
0.535490
0.536530
0.537619
0.538649
0.539709
0.540779
0.541869
0.542809
0.543660
0.544589
0.545560
0.546600
0.547740
0.548820
0.549890
0.550760
0.551830
0.552900
0.554030
0.554870
0.555930
0.556850
0.557710
0.558770
0.559680
0.560680
0.561690
0.562830
0.563770
0.564860
0.565890
0.566870
0.567810
0.568810
0.569730
0.570740
0.571710
0.572540
0.573730
0.574800
0.575850
0.576860
0.577690
0.578750
0.579680
0.580680
0.581530
0.582390
0.583340
0.584411
0.585271
0.586271
0.587201
0.588001
0.588861
0.589831
0.590771
0.591591
0.592361
0.593251
0.594121
0.595031
0.596121
0.597081
0.598001
0.598961
0.599780
0.600601
0.601390
0.602260
0.603250
0.604220
0.605200
0.606050
0.606940
0.608050
0.609000
0.610010
0.610970
0.611800
0.612790
0.613740
0.614510
0.615420
0.616310
0.617030
0.617900
0.618650
0.619460
0.620430
0.621340
0.622220
0.622990
0.623910
0.624740
0.625580
0.626470
0.627160
0.628050
0.628860
0.629690
0.630630
0.631390
0.632080
0.632960
0.633830
0.634630
0.635630
0.636550
0.637470
0.638200
0.638940
0.639840
0.640670
0.641590
0.642410
0.643340
0.644209
0.645249
0.646230
0.647099
0.647979
0.648769
0.649609
0.650639
0.651519
0.652379
0.653179
0.653999
0.654929
0.655869
0.656659
0.657439
0.658199
0.658979
0.659909
0.660829
0.661519
0.662399
0.663159
0.663909
0.664669
0.665388
0.666079
0.666899
0.667709
0.668519
0.669318
0.670179
0.671028
0.671848
0.672748
0.673549
0.674259
0.675028
0.675868
0.676578
0.677458
0.678128
0.678868
0.679778
0.680638
0.681378
0.682188
0.683118
0.684008
0.684748
0.685628
0.686528
0.687338
0.688068
0.688918
0.689808
0.690588
0.691268
0.691998
0.692688
0.693348
0.694178
0.694999
0.695699
0.696398
0.697149
0.697849
0.698559
0.699349
0.700009
0.700689
0.701499
0.702199
0.702939
0.703729
0.704519
0.705199
0.705909
0.706639
0.707399
0.708189
0.709029
0.709749
0.710439
0.711339
0.712139
0.712879
0.713599
0.714299
0.715099
0.716009
0.716669
0.717569
0.718339
0.719259
0.719939
0.720689
0.721449
0.722179
0.722869
0.723488
0.724288
0.725058
0.725668
0.726388
0.727238
0.728188
0.728888
0.729628
0.730438
0.731078
0.731718
0.732398
0.733208
0.733949
0.734569
0.735139
0.735909
0.736649
0.737389
0.738249
0.739099
0.739889
0.740539
0.741179
0.741929
0.742709
0.743519
0.744209
0.744869
0.745469
0.746139
0.746959
0.747749
0.748269
0.749009
0.749899
0.750649
0.751349
0.752099
0.752959
0.753519
0.754129
0.754709
0.755529
0.756219
0.756850
0.757390
0.757969
0.758590
0.759219
0.759799
0.760469
0.761239
0.761909
0.762639
0.763479
0.764159
0.765029
0.765749
0.766419
0.767379
0.768178
0.768988
0.769648
0.770488
0.771278
0.771899
0.772719
0.773589
0.774349
0.775029
0.775729
0.776489
0.777279
0.777909
0.778589
0.779259
0.779909
0.780670
0.781410
0.782100
0.782820
0.783610
0.784430
0.785260
0.786000
0.786760
0.787430
0.788320
0.789220
0.790070
0.790640
0.791360
0.792050
0.792690
0.793410
0.794130
0.794870
0.795710
0.796330
0.797080
0.797820
0.798490
0.799120
0.799870
0.800500
0.801250
0.802010
0.802850
0.803680
0.804550
0.805420
0.806311
0.807170
0.808110
0.808751
0.809401
0.810061
0.810830
0.811530
0.812160
0.812741
0.813521
0.814111
0.814771
0.815371
0.815941
0.816561
0.817011
0.817511
0.818071
0.818541
0.819051
0.819661
0.820251
0.820881
0.821571
0.822241
0.822901
0.823601
0.824281
0.825051
0.825831
0.826491
0.827191
0.827881
0.828632
0.829342
0.829972
0.830722
0.831371
0.831971
0.832661
0.833431
0.834141
0.834712
0.835481
0.836161
0.836781
0.837281
0.837851
0.838451
0.839081
0.839631
0.840131
0.840691
0.841450
0.842130
0.842840
0.843420
0.843979
0.844519
0.845039
0.845619
0.846238
0.846748
0.847558
0.848128
0.848798
0.849538
0.850268
0.851028
0.851928
0.852808
0.853548
0.854218
0.854988
0.855609
0.856488
0.857208
0.857898
0.858478
0.859268
0.859868
0.860488
0.860968
0.861508
0.862008
0.862468
0.862898
0.863458
0.864158
0.864658
0.865348
0.865868
0.866418
0.867018
0.867469
0.868068
0.868628
0.869069
0.869619
0.870169
0.870668
0.871358
0.872008
0.872628
0.873208
0.873978
0.874838
0.875658
0.876408
0.877368
0.878098
0.878908
0.879668
0.880218
0.881008
0.881819
0.882559
0.883399
0.884039
0.884839
0.885649
0.886469
0.887259
0.887968
0.888728
0.889158
0.889668
0.890138
0.890708
0.891378
0.892058
0.892688
0.893448
0.894078
0.894669
0.895189
0.895809
0.896628
0.897158
0.897608
0.898038
0.898608
0.899127
0.899667
0.900377
0.900857
0.901527
0.902048
0.902548
0.903198
0.903878
0.904749
0.905679
0.906380
0.907080
0.907881
0.908471
0.909121
0.909661
0.910121
0.910681
0.911220
0.911810
0.912470
0.912980
0.913560
0.914080
0.914940
0.915360
0.916140
0.916800
0.917461
0.918061
0.918991
0.919871
0.920301
0.921191
0.921720
0.922349
0.923078
0.923928
0.924508
0.925228
0.925909
0.926579
0.927159
0.927789
0.928469
0.929000
0.929430
0.929990
0.930620
0.931480
0.932051
0.932771
0.933491
0.934241
0.934751
0.935210
0.935751
0.936231
0.936570
0.937130
0.937669
0.938299
0.938889
0.939529
0.940110
0.941189
0.942009
0.942639
0.943169
0.943809
0.944599
0.945549
0.946299
0.946800
0.947469
0.948139
0.948980
0.949910
0.950708
0.951377
0.952207
0.952907
0.953607
0.954187
0.954837
0.955408
0.956008
0.956508
0.957098
0.957639
0.958219
0.958879
0.959530
0.959850
0.960160
0.960900
0.961560
0.962388
0.962818
0.963338
0.963818
0.964577
0.965486
0.966256
0.967016
0.967386
0.967726
0.968107
0.968427
0.968827
0.969397
0.969787
0.970788
0.971949
0.972369
0.972839
0.973330
0.973800
0.974480
0.975110
0.975959
0.976599
0.976879
0.977329
0.978510
0.978971
0.979191
0.979661
0.980262
0.980829
0.981479
0.982686
0.983326
0.983646
0.984057
0.984607
0.985388
0.985748
0.985888
0.986008
0.986558
0.987538
0.987977
0.988537
0.989137
0.989757
0.989967
0.990538
0.990598
0.990638
0.991228
0.991238
0.991819
0.991839
0.992419
0.993330
0.993380
0.993410
0.993529
0.994087
0.994127
0.994177
0.994237
0.994267
0.994287
0.994977
0.994997
0.995017
0.995057
0.995067
0.995087
0.995097
0.995117
0.995137
0.995147
0.995177
0.995197
0.995237
0.995247
0.995267
0.995988
0.996018
0.996038
0.996068
0.996088
0.996108
0.996128
0.996138
0.996168
0.996198
0.996208
0.996228
0.996248
0.996258
0.996278
0.996298
0.996308
0.996338
0.996348
0.996378
0.996398
0.996418
0.996458
0.997209
0.997219
0.997239
0.997249
0.997259
0.997269
0.997279
0.997299
0.997319
0.997329
0.997339
0.997359
0.997369
0.997379
0.997399
0.997419
0.997429
0.997439
0.997449
0.997459
0.997469
0.997479
0.997499
0.997509
0.997519
0.997529
0.997539
0.997559
0.997579
0.997599
0.997619
0.997639
0.997649
0.997669
0.997679
0.997699
0.997709
0.997719
0.997729
0.998550
0.998670
0.998750
0.998760
0.998920
0.999750
0.999790
0.999820
0.999860
0.999890
0.999930
1.000000
Precision:
1.000000
0.817500
0.742001
0.690000
0.658800
0.632834
0.612572
0.596750
0.583999
0.569900
0.560636
0.552166
0.541846
0.532642
0.523467
0.516500
0.509824
0.503556
0.497263
0.491500
0.484952
0.480137
0.475956
0.471916
0.467520
0.463115
0.459074
0.456250
0.452690
0.449567
0.446773
0.443656
0.440547
0.436824
0.433114
0.430000
0.426351
0.423395
0.420589
0.417250
0.414439
0.411714
0.409302
0.406932
0.404511
0.401739
0.399361
0.396667
0.394327
0.391860
0.390040
0.387731
0.385830
0.383667
0.382127
0.380286
0.378351
0.376156
0.374373
0.372766
0.371393
0.369420
0.367730
0.366281
0.364600
0.363227
0.361777
0.360117
0.358623
0.356986
0.355380
0.354028
0.352370
0.350960
0.349481
0.347960
0.346637
0.345180
0.343987
0.342887
0.341605
0.340353
0.339157
0.337797
0.336718
0.335639
0.334184
0.333091
0.331663
0.330544
0.329813
0.328717
0.327807
0.326851
0.325463
0.324354
0.323000
0.321868
0.320496
0.319220
0.318337
0.316941
0.315922
0.314192
0.313304
0.312038
0.311028
0.310027
0.308835
0.307454
0.305991
0.304598
0.303161
0.302105
0.301270
0.300199
0.298949
0.297729
0.296546
0.295275
0.294157
0.293090
0.291830
0.290750
0.289680
0.288651
0.287558
0.286656
0.285635
0.284630
0.283488
0.282439
0.281414
0.280224
0.279119
0.278103
0.277175
0.276123
0.275223
0.274236
0.273326
0.272472
0.271482
0.270514
0.269504
0.268610
0.267605
0.266615
0.265745
0.264874
0.263992
0.263118
0.262216
0.261409
0.260671
0.259795
0.258949
0.258126
0.257472
0.256619
0.255807
0.254945
0.254202
0.253396
0.252570
0.251831
0.251006
0.250304
0.249479
0.248729
0.247966
0.247338
0.246659
0.245994
0.245268
0.244574
0.243779
0.243113
0.242369
0.241733
0.241049
0.240373
0.239667
0.238885
0.238351
0.237586
0.236930
0.236292
0.235641
0.234916
0.234199
0.233609
0.232979
0.232325
0.231805
0.231214
0.230660
0.230042
0.229457
0.228820
0.228134
0.227564
0.226922
0.226392
0.225888
0.225320
0.224720
0.224201
0.223665
0.223152
0.222725
0.222222
0.221611
0.221121
0.220586
0.220060
0.219520
0.219014
0.218507
0.218000
0.217530
0.216973
0.216467
0.215986
0.215516
0.215013
0.214573
0.214083
0.213607
0.213087
0.212576
0.212138
0.211653
0.211184
0.210647
0.210212
0.209755
0.209311
0.208928
0.208571
0.208104
0.207681
0.207264
0.206840
0.206518
0.206134
0.205745
0.205355
0.204976
0.204600
0.204168
0.203735
0.203379
0.203024
0.202642
0.202258
0.201855
0.201481
0.201085
0.200749
0.200414
0.200019
0.199612
0.199205
0.198876
0.198594
0.198229
0.197902
0.197584
0.197292
0.196842
0.196467
0.196150
0.195813
0.195499
0.195163
0.194841
0.194525
0.194219
0.193860
0.193473
0.193117
0.192777
0.192464
0.192190
0.191895
0.191599
0.191236
0.190945
0.190655
0.190388
0.190024
0.189737
0.189405
0.189054
0.188774
0.188444
0.188148
0.187856
0.187610
0.187299
0.187039
0.186762
0.186471
0.186167
0.185886
0.185579
0.185305
0.185019
0.184690
0.184479
0.184231
0.183977
0.183713
0.183394
0.183148
0.182864
0.182604
0.182298
0.181997
0.181725
0.181494
0.181198
0.180948
0.180677
0.180369
0.180079
0.179827
0.179566
0.179270
0.178961
0.178690
0.178415
0.178152
0.177946
0.177703
0.177448
0.177207
0.176926
0.176647
0.176361
0.176099
0.175874
0.175645
0.175421
0.175159
0.174911
0.174727
0.174498
0.174289
0.174065
0.173806
0.173595
0.173373
0.173101
0.172871
0.172636
0.172355
0.172117
0.171847
0.171596
0.171389
0.171168
0.170939
0.170682
0.170467
0.170229
0.169994
0.169775
0.169503
0.169285
0.169049
0.168818
0.168618
0.168371
0.168107
0.167894
0.167680
0.167448
0.167271
0.167074
0.166877
0.166632
0.166391
0.166192
0.165976
0.165786
0.165569
0.165383
0.165182
0.165025
0.164855
0.164657
0.164461
0.164246
0.164043
0.163890
0.163698
0.163504
0.163295
0.163092
0.162918
0.162747
0.162540
0.162331
0.162118
0.161911
0.161742
0.161572
0.161346
0.161168
0.160961
0.160753
0.160548
0.160335
0.160115
0.159928
0.159739
0.159551
0.159362
0.159187
0.159012
0.158830
0.158668
0.158482
0.158277
0.158087
0.157914
0.157711
0.157549
0.157339
0.157146
0.156993
0.156829
0.156639
0.156466
0.156321
0.156167
0.155980
0.155825
0.155676
0.155507
0.155321
0.155162
0.155013
0.154841
0.154647
0.154464
0.154273
0.154078
0.153921
0.153760
0.153576
0.153392
0.153219
0.153038
0.152858
0.152697
0.152507
0.152324
0.152169
0.151991
0.151823
0.151666
0.151510
0.151330
0.151158
0.150991
0.150831
0.150679
0.150537
0.150370
0.150199
0.150072
0.149924
0.149765
0.149601
0.149436
0.149290
0.149169
0.148995
0.148873
0.148725
0.148607
0.148441
0.148290
0.148142
0.147988
0.147826
0.147651
0.147513
0.147370
0.147195
0.147043
0.146917
0.146813
0.146658
0.146512
0.146381
0.146216
0.146052
0.145897
0.145767
0.145624
0.145460
0.145284
0.145150
0.145010
0.144871
0.144754
0.144638
0.144510
0.144355
0.144198
0.144064
0.143937
0.143814
0.143669
0.143521
0.143359
0.143213
0.143096
0.142973
0.142799
0.142669
0.142566
0.142438
0.142301
0.142174
0.142068
0.141906
0.141754
0.141597
0.141485
0.141349
0.141204
0.141041
0.140887
0.140740
0.140596
0.140444
0.140308
0.140191
0.140057
0.139934
0.139832
0.139700
0.139604
0.139481
0.139349
0.139271
0.139163
0.139058
0.138926
0.138827
0.138719
0.138582
0.138481
0.138388
0.138277
0.138152
0.138030
0.137920
0.137816
0.137683
0.137560
0.137436
0.137308
0.137201
0.137089
0.136971
0.136857
0.136756
0.136660
0.136567
0.136459
0.136354
0.136234
0.136152
0.136073
0.135985
0.135849
0.135739
0.135625
0.135502
0.135394
0.135286
0.135182
0.135095
0.134972
0.134870
0.134767
0.134652
0.134532
0.134432
0.134312
0.134213
0.134115
0.134032
0.133946
0.133868
0.133791
0.133717
0.133638
0.133572
0.133457
0.133344
0.133234
0.133141
0.133037
0.132923
0.132801
0.132711
0.132591
0.132484
0.132365
0.132243
0.132129
0.131989
0.131857
0.131734
0.131598
0.131469
0.131356
0.131240
0.131131
0.131032
0.130930
0.130827
0.130730
0.130631
0.130545
0.130462
0.130362
0.130266
0.130170
0.130083
0.129990
0.129886
0.129800
0.129699
0.129590
0.129496
0.129415
0.129324
0.129212
0.129131
0.129037
0.128934
0.128813
0.128702
0.128596
0.128496
0.128384
0.128264
0.128154
0.128075
0.127984
0.127897
0.127791
0.127682
0.127571
0.127457
0.127353
0.127254
0.127140
0.127070
0.126966
0.126876
0.126797
0.126717
0.126642
0.126587
0.126530
0.126452
0.126364
0.126291
0.126196
0.126140
0.126060
0.125976
0.125877
0.125809
0.125712
0.125619
0.125506
0.125402
0.125292
0.125178
0.125058
0.124958
0.124878
0.124771
0.124690
0.124585
0.124486
0.124393
0.124279
0.124187
0.124090
0.123976
0.123877
0.123780
0.123675
0.123597
0.123513
0.123427
0.123335
0.123270
0.123217
0.123159
0.123091
0.123053
0.122983
0.122925
0.122859
0.122764
0.122703
0.122645
0.122578
0.122524
0.122443
0.122384
0.122328
0.122272
0.122212
0.122142
0.122078
0.121970
0.121873
0.121771
0.121682
0.121607
0.121533
0.121455
0.121393
0.121314
0.121229
0.121135
0.121055
0.121003
0.120911
0.120809
0.120704
0.120619
0.120527
0.120438
0.120372
0.120276
0.120204
0.120113
0.120020
0.119947
0.119879
0.119835
0.119799
0.119733
0.119668
0.119615
0.119535
0.119464
0.119378
0.119282
0.119199
0.119114
0.119034
0.118966
0.118878
0.118798
0.118712
0.118669
0.118570
0.118517
0.118450
0.118383
0.118307
0.118274
0.118235
0.118139
0.118101
0.118018
0.117948
0.117890
0.117848
0.117771
0.117714
0.117651
0.117586
0.117511
0.117442
0.117379
0.117298
0.117204
0.117128
0.117059
0.117020
0.116945
0.116888
0.116833
0.116780
0.116698
0.116609
0.116532
0.116446
0.116343
0.116269
0.116192
0.116127
0.116056
0.115991
0.115920
0.115910
0.115868
0.115803
0.115726
0.115663
0.115618
0.115593
0.115544
0.115463
0.115405
0.115345
0.115307
0.115281
0.115238
0.115179
0.115140
0.115086
0.115032
0.114963
0.114903
0.114833
0.114767
0.114689
0.114621
0.114550
0.114482
0.114425
0.114366
0.114269
0.114169
0.114121
0.114064
0.114028
0.113943
0.113869
0.113792
0.113748
0.113720
0.113677
0.113633
0.113543
0.113450
0.113362
0.113267
0.113181
0.113115
0.113029
0.113014
0.113018
0.112934
0.112858
0.112785
0.112708
0.112657
0.112600
0.112568
0.112510
0.112414
0.112336
0.112343
0.112267
0.112164
0.112090
0.112030
0.111967
0.111913
0.111923
0.111868
0.111779
0.111698
0.111634
0.111596
0.111510
0.111399
0.111288
0.111224
0.111210
0.111134
0.111072
0.111015
0.110959
0.110859
0.110799
0.110681
0.110563
0.110505
0.110383
0.110326
0.110205
0.110146
0.110125
0.110008
0.109890
0.109782
0.109722
0.109606
0.109490
0.109377
0.109261
0.109143
0.109099
0.108981
0.108864
0.108751
0.108631
0.108517
0.108398
0.108282
0.108167
0.108050
0.107937
0.107823
0.107710
0.107595
0.107481
0.107442
0.107329
0.107217
0.107105
0.106992
0.106880
0.106766
0.106653
0.106542
0.106431
0.106319
0.106209
0.106097
0.105985
0.105875
0.105763
0.105652
0.105545
0.105433
0.105325
0.105217
0.105107
0.105001
0.104969
0.104861
0.104752
0.104644
0.104534
0.104427
0.104317
0.104210
0.104105
0.103998
0.103889
0.103783
0.103677
0.103571
0.103465
0.103360
0.103255
0.103147
0.103041
0.102938
0.102832
0.102728
0.102625
0.102519
0.102415
0.102311
0.102208
0.102106
0.102002
0.101899
0.101798
0.101696
0.101593
0.101493
0.101390
0.101290
0.101187
0.101087
0.100984
0.100966
0.100877
0.100781
0.100682
0.100597
0.100578
0.100481
0.100384
0.100288
0.100188
0.100093
0.099999