1k cluster nodes L1 distance queries
Recall:
0.010000
0.016840
0.023550
0.029920
0.035940
0.041990
0.047860
0.053580
0.059200
0.064870
0.070480
0.076130
0.081620
0.087010
0.092340
0.097620
0.102650
0.107700
0.112710
0.117920
0.122980
0.127880
0.132730
0.137710
0.142730
0.147750
0.152400
0.157170
0.161930
0.166590
0.171010
0.175390
0.179690
0.184130
0.188600
0.193170
0.197650
0.201980
0.206190
0.210440
0.214570
0.218990
0.223320
0.227410
0.231630
0.235850
0.240110
0.244390
0.248340
0.252090
0.256000
0.260000
0.264060
0.267970
0.271770
0.275400
0.279080
0.282700
0.286360
0.290070
0.293690
0.297210
0.300810
0.304240
0.307540
0.311250
0.314530
0.317840
0.321130
0.324620
0.327960
0.330990
0.334200
0.337570
0.340650
0.343900
0.346950
0.350140
0.353080
0.356200
0.359550
0.362670
0.365860
0.369080
0.372330
0.375430
0.378260
0.381330
0.384360
0.387100
0.389920
0.392890
0.395910
0.398930
0.401809
0.404690
0.407100
0.409700
0.412400
0.414930
0.417570
0.420130
0.422550
0.424950
0.427420
0.429610
0.432040
0.434350
0.436550
0.438640
0.440650
0.442481
0.444351
0.446090
0.447860
0.449541
0.451201
0.452940
0.454820
0.456520
0.458380
0.460180
0.462040
0.463750
0.465560
0.467080
0.468710
0.470420
0.472160
0.473920
0.475380
0.477010
0.478640
0.480310
0.481860
0.483390
0.484911
0.486461
0.488001
0.489480
0.490971
0.492461
0.494000
0.495320
0.496671
0.498281
0.499800
0.501180
0.502430
0.503820
0.505150
0.506800
0.508460
0.509840
0.511380
0.512810
0.514360
0.515860
0.517110
0.518550
0.519970
0.521340
0.522680
0.524080
0.525390
0.526680
0.528000
0.529460
0.530720
0.532220
0.533650
0.534810
0.535930
0.537320
0.538640
0.539680
0.541160
0.542330
0.543600
0.544970
0.546250
0.547589
0.548889
0.550039
0.551220
0.552409
0.553660
0.554920
0.556310
0.557480
0.558730
0.559930
0.561260
0.562480
0.563550
0.564840
0.566100
0.567330
0.568390
0.569550
0.570790
0.571879
0.573149
0.574320
0.575550
0.576620
0.577710
0.578930
0.580190
0.581250
0.582500
0.583509
0.584809
0.585909
0.586969
0.588039
0.589099
0.590229
0.591319
0.592329
0.593439
0.594479
0.595699
0.596800
0.597940
0.598890
0.599900
0.600940
0.602099
0.603269
0.604370
0.605269
0.606229
0.607289
0.608400
0.609490
0.610580
0.611600
0.612710
0.613890
0.614870
0.615700
0.616610
0.617760
0.618709
0.619630
0.620630
0.621630
0.622590
0.623560
0.624539
0.625650
0.626669
0.627609
0.628680
0.629839
0.630849
0.631859
0.632789
0.633649
0.634519
0.635439
0.636529
0.637489
0.638499
0.639479
0.640409
0.641299
0.642199
0.643289
0.644189
0.645299
0.646319
0.647269
0.648209
0.649299
0.650309
0.651189
0.651979
0.652879
0.653839
0.654739
0.655659
0.656639
0.657539
0.658479
0.659499
0.660449
0.661349
0.662199
0.663079
0.663929
0.664729
0.665709
0.666679
0.667639
0.668459
0.669399
0.670299
0.671259
0.672170
0.672970
0.673910
0.674590
0.675649
0.676599
0.677559
0.678479
0.679419
0.680130
0.680829
0.681719
0.682479
0.683380
0.684030
0.684820
0.685640
0.686480
0.687230
0.687970
0.688710
0.689550
0.690440
0.691290
0.692160
0.692910
0.693820
0.694580
0.695400
0.696160
0.697140
0.698000
0.698780
0.699690
0.700620
0.701440
0.702220
0.702890
0.703630
0.704500
0.705220
0.705930
0.706761
0.707581
0.708411
0.709271
0.710051
0.710941
0.711801
0.712491
0.713251
0.713941
0.714640
0.715371
0.716181
0.716921
0.717651
0.718381
0.719330
0.720030
0.720990
0.721740
0.722360
0.723121
0.723890
0.724851
0.725461
0.726181
0.726881
0.727701
0.728421
0.729241
0.730041
0.730951
0.731711
0.732431
0.733171
0.734011
0.734761
0.735541
0.736161
0.736861
0.737590
0.738410
0.739110
0.739821
0.740600
0.741380
0.742030
0.742690
0.743260
0.743940
0.744580
0.745510
0.746050
0.746670
0.747341
0.747941
0.748721
0.749481
0.750111
0.750861
0.751601
0.752351
0.753171
0.753841
0.754511
0.755331
0.755951
0.756701
0.757512
0.758272
0.758952
0.759801
0.760651
0.761171
0.761811
0.762611
0.763201
0.763771
0.764401
0.765011
0.765671
0.766331
0.767051
0.767781
0.768411
0.769121
0.769851
0.770401
0.771041
0.771761
0.772501
0.773231
0.773861
0.774581
0.775371
0.776110
0.776821
0.777351
0.777951
0.778551
0.779171
0.779681
0.780271
0.780891
0.781551
0.782071
0.782741
0.783310
0.783921
0.784631
0.785191
0.785731
0.786281
0.787021
0.787811
0.788561
0.789210
0.789880
0.790600
0.791230
0.791800
0.792430
0.793100
0.793720
0.794350
0.795020
0.795740
0.796290
0.797000
0.797720
0.798320
0.798850
0.799620
0.800200
0.800940
0.801610
0.802270
0.802830
0.803430
0.803930
0.804480
0.805070
0.805640
0.806200
0.806920
0.807460
0.807940
0.808720
0.809360
0.810050
0.810670
0.811330
0.811900
0.812390
0.812960
0.813560
0.814210
0.814660
0.815240
0.815870
0.816600
0.817139
0.817769
0.818309
0.818879
0.819459
0.820099
0.820649
0.821209
0.821759
0.822449
0.823039
0.823589
0.824139
0.824589
0.825139
0.825899
0.826459
0.827169
0.827829
0.828419
0.829049
0.829669
0.830369
0.830738
0.831289
0.831809
0.832529
0.833118
0.833698
0.834338
0.834958
0.835678
0.836388
0.837077
0.837567
0.838087
0.838657
0.839257
0.839897
0.840427
0.841087
0.841547
0.842037
0.842727
0.843307
0.843957
0.844477
0.845067
0.845597
0.846297
0.846936
0.847426
0.848037
0.848616
0.849247
0.849757
0.850327
0.850937
0.851487
0.852057
0.852677
0.853347
0.853817
0.854537
0.855007
0.855597
0.856227
0.856837
0.857437
0.858117
0.858777
0.859337
0.859857
0.860277
0.860967
0.861397
0.862117
0.862758
0.863288
0.863888
0.864448
0.865017
0.865627
0.866187
0.866827
0.867477
0.867967
0.868597
0.869187
0.869737
0.870367
0.871058
0.871778
0.872468
0.873038
0.873708
0.874218
0.874718
0.875508
0.876118
0.876688
0.877378
0.877918
0.878428
0.878938
0.879498
0.880037
0.880527
0.881088
0.881588
0.882158
0.882668
0.883278
0.883868
0.884378
0.884928
0.885308
0.885818
0.886368
0.886898
0.887378
0.887908
0.888507
0.888968
0.889437
0.890078
0.890667
0.891288
0.891818
0.892418
0.893008
0.893458
0.894028
0.894628
0.895198
0.895618
0.896158
0.896648
0.897237
0.897818
0.898478
0.899107
0.899578
0.899988
0.900418
0.900837
0.901417
0.902017
0.902628
0.903018
0.903558
0.904108
0.904508
0.905098
0.905538
0.906138
0.906628
0.907088
0.907668
0.908148
0.908828
0.909238
0.909858
0.910288
0.910839
0.911339
0.911879
0.912349
0.912719
0.913139
0.913649
0.914219
0.914699
0.915219
0.915679
0.916349
0.916869
0.917469
0.918059
0.918589
0.919069
0.919639
0.920219
0.920740
0.921359
0.921869
0.922399
0.922969
0.923549
0.924129
0.924769
0.925289
0.925789
0.926309
0.926929
0.927439
0.927959
0.928539
0.929049
0.929599
0.930039
0.930499
0.930948
0.931479
0.931919
0.932439
0.933079
0.933699
0.934179
0.934619
0.935209
0.935639
0.936249
0.936739
0.937269
0.937809
0.938279
0.938729
0.939309
0.939849
0.940529
0.940889
0.941339
0.941770
0.942160
0.942620
0.943039
0.943599
0.943989
0.944399
0.944939
0.945469
0.945949
0.946389
0.946919
0.947339
0.947819
0.948289
0.948779
0.949239
0.949759
0.950228
0.950568
0.951038
0.951568
0.952008
0.952508
0.952838
0.953328
0.953838
0.954238
0.954598
0.955088
0.955538
0.955878
0.956228
0.956628
0.957038
0.957428
0.957888
0.958278
0.958668
0.958988
0.959358
0.959768
0.960128
0.960478
0.960868
0.961318
0.961578
0.961888
0.962258
0.962598
0.962908
0.963178
0.963488
0.963838
0.964128
0.964418
0.964738
0.965108
0.965458
0.965748
0.966168
0.966458
0.966838
0.967258
0.967678
0.968068
0.968358
0.968728
0.969068
0.969418
0.969828
0.970098
0.970408
0.970748
0.971168
0.971418
0.971648
0.971938
0.972188
0.972508
0.972878
0.973168
0.973448
0.973748
0.974088
0.974298
0.974629
0.974889
0.975098
0.975488
0.975799
0.976138
0.976499
0.976809
0.977159
0.977439
0.977699
0.977979
0.978269
0.978539
0.978809
0.979009
0.979259
0.979519
0.979789
0.980029
0.980359
0.980579
0.980749
0.980999
0.981229
0.981429
0.981669
0.981829
0.982029
0.982279
0.982529
0.982789
0.982989
0.983249
0.983478
0.983669
0.983928
0.984248
0.984538
0.984698
0.984938
0.985298
0.985438
0.985738
0.985928
0.986208
0.986529
0.986679
0.986898
0.987168
0.987428
0.987668
0.987879
0.988118
0.988348
0.988498
0.988788
0.989109
0.989379
0.989629
0.989869
0.990029
0.990239
0.990449
0.990659
0.990829
0.991029
0.991169
0.991299
0.991459
0.991649
0.991829
0.991979
0.992159
0.992299
0.992419
0.992529
0.992649
0.992769
0.992869
0.992939
0.993079
0.993149
0.993269
0.993359
0.993479
0.993649
0.993749
0.993839
0.993889
0.993999
0.994049
0.994169
0.994219
0.994319
0.994459
0.994529
0.994659
0.994729
0.994809
0.994889
0.994939
0.995009
0.995089
0.995139
0.995209
0.995269
0.995359
0.995419
0.995469
0.995519
0.995569
0.995659
0.995669
0.995729
0.995779
0.995839
0.995869
0.995969
0.996009
0.996069
0.996169
0.996219
0.996289
0.996379
0.996429
0.996459
0.996509
0.996609
0.996639
0.996669
0.996719
0.996789
0.996829
0.996859
0.996939
0.996949
0.996989
0.997059
0.997129
0.997169
0.997199
0.997269
0.997299
0.997359
0.997409
0.997449
0.997489
0.997519
0.997559
0.997629
0.997659
0.997659
0.997719
0.997749
0.997839
0.997889
0.997929
0.997959
0.998039
0.998059
0.998089
0.998149
0.998229
0.998299
0.998349
0.998370
0.998429
0.998459
0.998540
0.998600
0.998670
0.998760
0.998800
0.998880
0.998950
0.998980
0.999010
0.999040
0.999090
0.999110
0.999110
0.999140
0.999150
0.999150
0.999160
0.999220
1.000000
Precision:
1.000000
0.842000
0.785001
0.748000
0.718800
0.699833
0.683714
0.669750
0.657778
0.648701
0.640727
0.634417
0.627847
0.621500
0.615600
0.610125
0.603823
0.598334
0.593211
0.589601
0.585619
0.581274
0.577086
0.573792
0.570920
0.568269
0.564444
0.561322
0.558379
0.555299
0.551645
0.548094
0.544516
0.541558
0.538857
0.536583
0.534190
0.531526
0.528692
0.526100
0.523343
0.521405
0.519350
0.516841
0.514733
0.512718
0.510872
0.509146
0.506817
0.504180
0.501961
0.500000
0.498226
0.496240
0.494127
0.491786
0.489614
0.487413
0.485356
0.483450
0.481459
0.479371
0.477476
0.475375
0.473139
0.471591
0.469448
0.467412
0.465406
0.463743
0.461915
0.459708
0.457808
0.456176
0.454200
0.452500
0.450585
0.448897
0.446937
0.445250
0.443889
0.442280
0.440795
0.439380
0.438036
0.436547
0.434782
0.433329
0.431865
0.430111
0.428483
0.427055
0.425710
0.424393
0.422958
0.421552
0.419690
0.418062
0.416566
0.414930
0.413436
0.411892
0.410242
0.408606
0.407067
0.405293
0.403776
0.402176
0.400504
0.398764
0.396982
0.395071
0.393230
0.391307
0.389443
0.387535
0.385641
0.383848
0.382202
0.380433
0.378826
0.377197
0.375642
0.373992
0.372448
0.370699
0.369063
0.367516
0.366015
0.364554
0.362885
0.361371
0.359880
0.358440
0.356934
0.355433
0.353948
0.352508
0.351079
0.349628
0.348206
0.346803
0.345455
0.343972
0.342531
0.341288
0.339999
0.338635
0.337201
0.335880
0.334534
0.333421
0.332327
0.331065
0.329922
0.328724
0.327618
0.326494
0.325226
0.324093
0.322963
0.321815
0.320662
0.319561
0.318419
0.317277
0.316168
0.315154
0.314036
0.313070
0.312077
0.310936
0.309786
0.308805
0.307794
0.306637
0.305740
0.304680
0.303687
0.302761
0.301796
0.300874
0.299940
0.298935
0.297957
0.296994
0.296075
0.295170
0.294344
0.293411
0.292529
0.291630
0.290808
0.289938
0.289000
0.288183
0.287360
0.286530
0.285623
0.284775
0.283975
0.283109
0.282340
0.281529
0.280756
0.279912
0.279087
0.278332
0.277603
0.276786
0.276066
0.275240
0.274559
0.273790
0.273009
0.272241
0.271474
0.270748
0.270010
0.269241
0.268525
0.267784
0.267130
0.266429
0.265752
0.264995
0.264273
0.263570
0.262926
0.262291
0.261632
0.260893
0.260185
0.259526
0.258894
0.258258
0.257629
0.256975
0.256364
0.255788
0.255132
0.254421
0.253749
0.253180
0.252535
0.251882
0.251267
0.250657
0.250036
0.249424
0.248820
0.248274
0.247696
0.247090
0.246540
0.246031
0.245465
0.244907
0.244321
0.243711
0.243111
0.242535
0.242027
0.241474
0.240944
0.240406
0.239854
0.239291
0.238736
0.238256
0.237708
0.237243
0.236747
0.236230
0.235713
0.235254
0.234769
0.234241
0.233684
0.233171
0.232683
0.232177
0.231682
0.231211
0.230716
0.230238
0.229791
0.229323
0.228841
0.228345
0.227863
0.227373
0.226870
0.226432
0.225993
0.225554
0.225071
0.224631
0.224181
0.223754
0.223312
0.222837
0.222413
0.221905
0.221524
0.221111
0.220704
0.220286
0.219877
0.219397
0.218916
0.218500
0.218045
0.217637
0.217152
0.216715
0.216290
0.215874
0.215433
0.214991
0.214551
0.214146
0.213759
0.213361
0.212972
0.212550
0.212177
0.211762
0.211368
0.210958
0.210617
0.210241
0.209844
0.209488
0.209140
0.208762
0.208374
0.207956
0.207561
0.207206
0.206810
0.206412
0.206052
0.205692
0.205336
0.204991
0.204625
0.204293
0.203954
0.203568
0.203205
0.202824
0.202448
0.202082
0.201741
0.201382
0.201023
0.200665
0.200370
0.200008
0.199720
0.199376
0.198997
0.198659
0.198326
0.198047
0.197672
0.197331
0.196987
0.196676
0.196339
0.196032
0.195721
0.195441
0.195123
0.194796
0.194475
0.194183
0.193868
0.193563
0.193218
0.192895
0.192582
0.192294
0.191977
0.191663
0.191370
0.191077
0.190753
0.190434
0.190092
0.189781
0.189461
0.189215
0.188874
0.188553
0.188247
0.187925
0.187649
0.187370
0.187059
0.186781
0.186502
0.186225
0.185967
0.185675
0.185383
0.185130
0.184829
0.184561
0.184309
0.184047
0.183766
0.183527
0.183289
0.182974
0.182688
0.182443
0.182148
0.181851
0.181567
0.181282
0.181009
0.180738
0.180482
0.180230
0.179955
0.179701
0.179452
0.179163
0.178895
0.178648
0.178407
0.178162
0.177898
0.177656
0.177431
0.177194
0.176952
0.176671
0.176406
0.176142
0.175885
0.175604
0.175341
0.175087
0.174844
0.174569
0.174329
0.174069
0.173819
0.173590
0.173331
0.173068
0.172809
0.172592
0.172387
0.172175
0.171941
0.171713
0.171497
0.171262
0.171015
0.170782
0.170559
0.170326
0.170096
0.169877
0.169667
0.169424
0.169214
0.169008
0.168778
0.168533
0.168341
0.168109
0.167912
0.167701
0.167489
0.167256
0.167033
0.166790
0.166559
0.166337
0.166111
0.165885
0.165692
0.165463
0.165223
0.165045
0.164839
0.164645
0.164437
0.164237
0.164020
0.163789
0.163574
0.163365
0.163168
0.162932
0.162723
0.162524
0.162346
0.162130
0.161935
0.161721
0.161514
0.161312
0.161120
0.160911
0.160707
0.160500
0.160322
0.160124
0.159921
0.159718
0.159495
0.159293
0.159133
0.158934
0.158766
0.158588
0.158398
0.158215
0.158032
0.157865
0.157635
0.157441
0.157242
0.157082
0.156896
0.156710
0.156537
0.156359
0.156201
0.156043
0.155880
0.155682
0.155490
0.155307
0.155131
0.154963
0.154775
0.154612
0.154412
0.154220
0.154064
0.153889
0.153726
0.153542
0.153370
0.153189
0.153038
0.152877
0.152690
0.152525
0.152356
0.152195
0.152014
0.151845
0.151683
0.151511
0.151343
0.151185
0.151036
0.150852
0.150713
0.150530
0.150369
0.150216
0.150060
0.149902
0.149759
0.149613
0.149450
0.149281
0.149095
0.148957
0.148774
0.148641
0.148496
0.148332
0.148180
0.148023
0.147866
0.147718
0.147562
0.147419
0.147280
0.147113
0.146971
0.146823
0.146667
0.146527
0.146397
0.146272
0.146142
0.145993
0.145862
0.145703
0.145545
0.145434
0.145294
0.145148
0.145022
0.144871
0.144716
0.144563
0.144417
0.144268
0.144113
0.143969
0.143816
0.143674
0.143524
0.143390
0.143253
0.143104
0.142962
0.142792
0.142644
0.142503
0.142360
0.142208
0.142066
0.141935
0.141781
0.141631
0.141507
0.141376
0.141250
0.141110
0.140982
0.140853
0.140702
0.140572
0.140444
0.140313
0.140160
0.140025
0.139883
0.139757
0.139630
0.139516
0.139397
0.139254
0.139102
0.138954
0.138804
0.138680
0.138559
0.138440
0.138288
0.138159
0.138032
0.137883
0.137763
0.137620
0.137503
0.137368
0.137230
0.137110
0.136976
0.136872
0.136728
0.136615
0.136475
0.136353
0.136224
0.136101
0.135969
0.135822
0.135682
0.135556
0.135440
0.135311
0.135188
0.135056
0.134956
0.134834
0.134724
0.134614
0.134494
0.134367
0.134254
0.134143
0.134023
0.133919
0.133798
0.133681
0.133570
0.133461
0.133352
0.133252
0.133135
0.133016
0.132899
0.132797
0.132681
0.132566
0.132460
0.132343
0.132233
0.132107
0.131986
0.131862
0.131751
0.131627
0.131515
0.131420
0.131322
0.131205
0.131082
0.130982
0.130858
0.130761
0.130647
0.130539
0.130433
0.130316
0.130198
0.130098
0.129993
0.129908
0.129778
0.129661
0.129542
0.129417
0.129303
0.129183
0.129084
0.128961
0.128841
0.128738
0.128636
0.128526
0.128412
0.128309
0.128192
0.128083
0.127975
0.127868
0.127758
0.127656
0.127548
0.127422
0.127314
0.127216
0.127105
0.127002
0.126876
0.126773
0.126673
0.126558
0.126438
0.126335
0.126227
0.126106
0.125985
0.125872
0.125761
0.125647
0.125543
0.125429
0.125317
0.125194
0.125080
0.124970
0.124854
0.124737
0.124626
0.124522
0.124396
0.124275
0.124163
0.124047
0.123927
0.123802
0.123683
0.123569
0.123449
0.123327
0.123211
0.123100
0.122988
0.122869
0.122767
0.122648
0.122539
0.122437
0.122336
0.122231
0.122114
0.122007
0.121895
0.121786
0.121685
0.121566
0.121453
0.121344
0.121245
0.121124
0.121003
0.120887
0.120768
0.120658
0.120555
0.120443
0.120328
0.120216
0.120110
0.119988
0.119881
0.119764
0.119644
0.119545
0.119437
0.119332
0.119231
0.119123
0.119021
0.118909
0.118797
0.118688
0.118579
0.118468
0.118357
0.118238
0.118126
0.118015
0.117906
0.117793
0.117691
0.117575
0.117454
0.117344
0.117232
0.117116
0.117004
0.116886
0.116769
0.116660
0.116551
0.116445
0.116329
0.116223
0.116114
0.115999
0.115892
0.115793
0.115692
0.115575
0.115468
0.115375
0.115256
0.115156
0.115044
0.114942
0.114846
0.114731
0.114622
0.114522
0.114418
0.114313
0.114206
0.114101
0.113997
0.113881
0.113784
0.113691
0.113590
0.113489
0.113387
0.113277
0.113171
0.113066
0.112959
0.112850
0.112744
0.112634
0.112520
0.112411
0.112305
0.112198
0.112087
0.111982
0.111871
0.111759
0.111646
0.111533
0.111423
0.111307
0.111192
0.111083
0.110967
0.110857
0.110742
0.110632
0.110529
0.110418
0.110304
0.110187
0.110077
0.109961
0.109852
0.109737
0.109627
0.109521
0.109409
0.109304
0.109191
0.109080
0.108969
0.108854
0.108745
0.108633
0.108522
0.108411
0.108298
0.108191
0.108079
0.107968
0.107858
0.107745
0.107639
0.107524
0.107414
0.107303
0.107195
0.107084
0.106979
0.106869
0.106759
0.106656
0.106547
0.106440
0.106337
0.106230
0.106119
0.106012
0.105910
0.105799
0.105690
0.105585
0.105480
0.105373
0.105266
0.105162
0.105053
0.104946
0.104844
0.104740
0.104635
0.104527
0.104427
0.104319
0.104217
0.104114
0.104010
0.103905
0.103800
0.103697
0.103597
0.103492
0.103385
0.103285
0.103179
0.103081
0.102982
0.102880
0.102777
0.102680
0.102576
0.102473
0.102374
0.102279
0.102181
0.102080
0.101978
0.101881
0.101779
0.101683
0.101588
0.101490
0.101398
0.101298
0.101204
0.101108
0.101009
0.100911
0.100810
0.100715
0.100616
0.100514
0.100416
0.100317
0.100216
0.100115
0.100021
0.099999